TABLE NO.  2
 ID          CL          V           KA          TLAG        ETA_CL      ETA_V       ETA_KA      ETA_TLAG
  1.0000E+00  2.9714E-01  7.8264E+00  3.0142E-01  5.0490E-01  8.5021E-01  4.0574E-03 -1.6780E+00 -3.6345E-01
  1.0000E+00  2.9714E-01  7.8264E+00  3.0142E-01  5.0490E-01  8.5021E-01  4.0574E-03 -1.6780E+00 -3.6345E-01
  1.0000E+00  2.9714E-01  7.8264E+00  3.0142E-01  5.0490E-01  8.5021E-01  4.0574E-03 -1.6780E+00 -3.6345E-01
  1.0000E+00  2.9714E-01  7.8264E+00  3.0142E-01  5.0490E-01  8.5021E-01  4.0574E-03 -1.6780E+00 -3.6345E-01
  1.0000E+00  2.9714E-01  7.8264E+00  3.0142E-01  5.0490E-01  8.5021E-01  4.0574E-03 -1.6780E+00 -3.6345E-01
  1.0000E+00  2.9714E-01  7.8264E+00  3.0142E-01  5.0490E-01  8.5021E-01  4.0574E-03 -1.6780E+00 -3.6345E-01
  1.0000E+00  2.9714E-01  7.8264E+00  3.0142E-01  5.0490E-01  8.5021E-01  4.0574E-03 -1.6780E+00 -3.6345E-01
  1.0000E+00  2.9714E-01  7.8264E+00  3.0142E-01  5.0490E-01  8.5021E-01  4.0574E-03 -1.6780E+00 -3.6345E-01
  1.0000E+00  2.9714E-01  7.8264E+00  3.0142E-01  5.0490E-01  8.5021E-01  4.0574E-03 -1.6780E+00 -3.6345E-01
  1.0000E+00  2.9714E-01  7.8264E+00  3.0142E-01  5.0490E-01  8.5021E-01  4.0574E-03 -1.6780E+00 -3.6345E-01
  1.0000E+00  2.9714E-01  7.8264E+00  3.0142E-01  5.0490E-01  8.5021E-01  4.0574E-03 -1.6780E+00 -3.6345E-01
  1.0000E+00  2.9714E-01  7.8264E+00  3.0142E-01  5.0490E-01  8.5021E-01  4.0574E-03 -1.6780E+00 -3.6345E-01
  1.0000E+00  2.9714E-01  7.8264E+00  3.0142E-01  5.0490E-01  8.5021E-01  4.0574E-03 -1.6780E+00 -3.6345E-01
  1.0000E+00  2.9714E-01  7.8264E+00  3.0142E-01  5.0490E-01  8.5021E-01  4.0574E-03 -1.6780E+00 -3.6345E-01
  2.0000E+00  1.1161E-01  7.7449E+00  1.6059E+00  7.2859E-01 -1.2899E-01 -6.4100E-03 -5.1129E-03  3.3126E-03
  2.0000E+00  1.1161E-01  7.7449E+00  1.6059E+00  7.2859E-01 -1.2899E-01 -6.4100E-03 -5.1129E-03  3.3126E-03
  2.0000E+00  1.1161E-01  7.7449E+00  1.6059E+00  7.2859E-01 -1.2899E-01 -6.4100E-03 -5.1129E-03  3.3126E-03
  2.0000E+00  1.1161E-01  7.7449E+00  1.6059E+00  7.2859E-01 -1.2899E-01 -6.4100E-03 -5.1129E-03  3.3126E-03
  2.0000E+00  1.1161E-01  7.7449E+00  1.6059E+00  7.2859E-01 -1.2899E-01 -6.4100E-03 -5.1129E-03  3.3126E-03
  2.0000E+00  1.1161E-01  7.7449E+00  1.6059E+00  7.2859E-01 -1.2899E-01 -6.4100E-03 -5.1129E-03  3.3126E-03
  2.0000E+00  1.1161E-01  7.7449E+00  1.6059E+00  7.2859E-01 -1.2899E-01 -6.4100E-03 -5.1129E-03  3.3126E-03
  3.0000E+00  1.3275E-01  8.1108E+00  8.8546E-01  7.5367E-01  4.4494E-02  3.9760E-02 -6.0043E-01  3.7153E-02
  3.0000E+00  1.3275E-01  8.1108E+00  8.8546E-01  7.5367E-01  4.4494E-02  3.9760E-02 -6.0043E-01  3.7153E-02
  3.0000E+00  1.3275E-01  8.1108E+00  8.8546E-01  7.5367E-01  4.4494E-02  3.9760E-02 -6.0043E-01  3.7153E-02
  3.0000E+00  1.3275E-01  8.1108E+00  8.8546E-01  7.5367E-01  4.4494E-02  3.9760E-02 -6.0043E-01  3.7153E-02
  3.0000E+00  1.3275E-01  8.1108E+00  8.8546E-01  7.5367E-01  4.4494E-02  3.9760E-02 -6.0043E-01  3.7153E-02
  3.0000E+00  1.3275E-01  8.1108E+00  8.8546E-01  7.5367E-01  4.4494E-02  3.9760E-02 -6.0043E-01  3.7153E-02
  3.0000E+00  1.3275E-01  8.1108E+00  8.8546E-01  7.5367E-01  4.4494E-02  3.9760E-02 -6.0043E-01  3.7153E-02
  3.0000E+00  1.3275E-01  8.1108E+00  8.8546E-01  7.5367E-01  4.4494E-02  3.9760E-02 -6.0043E-01  3.7153E-02
  3.0000E+00  1.3275E-01  8.1108E+00  8.8546E-01  7.5367E-01  4.4494E-02  3.9760E-02 -6.0043E-01  3.7153E-02
  3.0000E+00  1.3275E-01  8.1108E+00  8.8546E-01  7.5367E-01  4.4494E-02  3.9760E-02 -6.0043E-01  3.7153E-02
  3.0000E+00  1.3275E-01  8.1108E+00  8.8546E-01  7.5367E-01  4.4494E-02  3.9760E-02 -6.0043E-01  3.7153E-02
  3.0000E+00  1.3275E-01  8.1108E+00  8.8546E-01  7.5367E-01  4.4494E-02  3.9760E-02 -6.0043E-01  3.7153E-02
  4.0000E+00  1.1277E-01  8.7558E+00  1.1674E+00  7.7996E-01 -2.5502E-01 -6.5539E-02 -3.2397E-01  7.1444E-02
  4.0000E+00  1.1277E-01  8.7558E+00  1.1674E+00  7.7996E-01 -2.5502E-01 -6.5539E-02 -3.2397E-01  7.1444E-02
  4.0000E+00  1.1277E-01  8.7558E+00  1.1674E+00  7.7996E-01 -2.5502E-01 -6.5539E-02 -3.2397E-01  7.1444E-02
  4.0000E+00  1.1277E-01  8.7558E+00  1.1674E+00  7.7996E-01 -2.5502E-01 -6.5539E-02 -3.2397E-01  7.1444E-02
  4.0000E+00  1.1277E-01  8.7558E+00  1.1674E+00  7.7996E-01 -2.5502E-01 -6.5539E-02 -3.2397E-01  7.1444E-02
  4.0000E+00  1.1277E-01  8.7558E+00  1.1674E+00  7.7996E-01 -2.5502E-01 -6.5539E-02 -3.2397E-01  7.1444E-02
  4.0000E+00  1.1277E-01  8.7558E+00  1.1674E+00  7.7996E-01 -2.5502E-01 -6.5539E-02 -3.2397E-01  7.1444E-02
  4.0000E+00  1.1277E-01  8.7558E+00  1.1674E+00  7.7996E-01 -2.5502E-01 -6.5539E-02 -3.2397E-01  7.1444E-02
  4.0000E+00  1.1277E-01  8.7558E+00  1.1674E+00  7.7996E-01 -2.5502E-01 -6.5539E-02 -3.2397E-01  7.1444E-02
  4.0000E+00  1.1277E-01  8.7558E+00  1.1674E+00  7.7996E-01 -2.5502E-01 -6.5539E-02 -3.2397E-01  7.1444E-02
  5.0000E+00  7.1409E-02  5.0307E+00  1.4839E+00  7.3502E-01 -1.9208E-01  7.3455E-02 -8.4132E-02  1.2096E-02
  5.0000E+00  7.1409E-02  5.0307E+00  1.4839E+00  7.3502E-01 -1.9208E-01  7.3455E-02 -8.4132E-02  1.2096E-02
  5.0000E+00  7.1409E-02  5.0307E+00  1.4839E+00  7.3502E-01 -1.9208E-01  7.3455E-02 -8.4132E-02  1.2096E-02
  5.0000E+00  7.1409E-02  5.0307E+00  1.4839E+00  7.3502E-01 -1.9208E-01  7.3455E-02 -8.4132E-02  1.2096E-02
  5.0000E+00  7.1409E-02  5.0307E+00  1.4839E+00  7.3502E-01 -1.9208E-01  7.3455E-02 -8.4132E-02  1.2096E-02
  5.0000E+00  7.1409E-02  5.0307E+00  1.4839E+00  7.3502E-01 -1.9208E-01  7.3455E-02 -8.4132E-02  1.2096E-02
  5.0000E+00  7.1409E-02  5.0307E+00  1.4839E+00  7.3502E-01 -1.9208E-01  7.3455E-02 -8.4132E-02  1.2096E-02
  5.0000E+00  7.1409E-02  5.0307E+00  1.4839E+00  7.3502E-01 -1.9208E-01  7.3455E-02 -8.4132E-02  1.2096E-02
  5.0000E+00  7.1409E-02  5.0307E+00  1.4839E+00  7.3502E-01 -1.9208E-01  7.3455E-02 -8.4132E-02  1.2096E-02
  5.0000E+00  7.1409E-02  5.0307E+00  1.4839E+00  7.3502E-01 -1.9208E-01  7.3455E-02 -8.4132E-02  1.2096E-02
  5.0000E+00  7.1409E-02  5.0307E+00  1.4839E+00  7.3502E-01 -1.9208E-01  7.3455E-02 -8.4132E-02  1.2096E-02
  6.0000E+00  1.7443E-01  1.1234E+01  1.6976E+00  7.0113E-01  2.2656E-01  2.4423E-01  5.0428E-02 -3.5103E-02
  6.0000E+00  1.7443E-01  1.1234E+01  1.6976E+00  7.0113E-01  2.2656E-01  2.4423E-01  5.0428E-02 -3.5103E-02
  6.0000E+00  1.7443E-01  1.1234E+01  1.6976E+00  7.0113E-01  2.2656E-01  2.4423E-01  5.0428E-02 -3.5103E-02
  6.0000E+00  1.7443E-01  1.1234E+01  1.6976E+00  7.0113E-01  2.2656E-01  2.4423E-01  5.0428E-02 -3.5103E-02
  6.0000E+00  1.7443E-01  1.1234E+01  1.6976E+00  7.0113E-01  2.2656E-01  2.4423E-01  5.0428E-02 -3.5103E-02
  6.0000E+00  1.7443E-01  1.1234E+01  1.6976E+00  7.0113E-01  2.2656E-01  2.4423E-01  5.0428E-02 -3.5103E-02
  6.0000E+00  1.7443E-01  1.1234E+01  1.6976E+00  7.0113E-01  2.2656E-01  2.4423E-01  5.0428E-02 -3.5103E-02
  6.0000E+00  1.7443E-01  1.1234E+01  1.6976E+00  7.0113E-01  2.2656E-01  2.4423E-01  5.0428E-02 -3.5103E-02
  6.0000E+00  1.7443E-01  1.1234E+01  1.6976E+00  7.0113E-01  2.2656E-01  2.4423E-01  5.0428E-02 -3.5103E-02
  7.0000E+00  2.0130E-01  6.9308E+00  1.9442E+00  6.9458E-01  5.4021E-01 -1.1604E-02  1.8606E-01 -4.4493E-02
  7.0000E+00  2.0130E-01  6.9308E+00  1.9442E+00  6.9458E-01  5.4021E-01 -1.1604E-02  1.8606E-01 -4.4493E-02
  7.0000E+00  2.0130E-01  6.9308E+00  1.9442E+00  6.9458E-01  5.4021E-01 -1.1604E-02  1.8606E-01 -4.4493E-02
  7.0000E+00  2.0130E-01  6.9308E+00  1.9442E+00  6.9458E-01  5.4021E-01 -1.1604E-02  1.8606E-01 -4.4493E-02
  7.0000E+00  2.0130E-01  6.9308E+00  1.9442E+00  6.9458E-01  5.4021E-01 -1.1604E-02  1.8606E-01 -4.4493E-02
  7.0000E+00  2.0130E-01  6.9308E+00  1.9442E+00  6.9458E-01  5.4021E-01 -1.1604E-02  1.8606E-01 -4.4493E-02
  7.0000E+00  2.0130E-01  6.9308E+00  1.9442E+00  6.9458E-01  5.4021E-01 -1.1604E-02  1.8606E-01 -4.4493E-02
  7.0000E+00  2.0130E-01  6.9308E+00  1.9442E+00  6.9458E-01  5.4021E-01 -1.1604E-02  1.8606E-01 -4.4493E-02
  7.0000E+00  2.0130E-01  6.9308E+00  1.9442E+00  6.9458E-01  5.4021E-01 -1.1604E-02  1.8606E-01 -4.4493E-02
  7.0000E+00  2.0130E-01  6.9308E+00  1.9442E+00  6.9458E-01  5.4021E-01 -1.1604E-02  1.8606E-01 -4.4493E-02
  7.0000E+00  2.0130E-01  6.9308E+00  1.9442E+00  6.9458E-01  5.4021E-01 -1.1604E-02  1.8606E-01 -4.4493E-02
  8.0000E+00  1.6304E-01  8.6702E+00  2.8047E+00  6.4357E-01  2.5318E-02 -1.9315E-01  5.5252E-01 -1.2076E-01
  8.0000E+00  1.6304E-01  8.6702E+00  2.8047E+00  6.4357E-01  2.5318E-02 -1.9315E-01  5.5252E-01 -1.2076E-01
  8.0000E+00  1.6304E-01  8.6702E+00  2.8047E+00  6.4357E-01  2.5318E-02 -1.9315E-01  5.5252E-01 -1.2076E-01
  8.0000E+00  1.6304E-01  8.6702E+00  2.8047E+00  6.4357E-01  2.5318E-02 -1.9315E-01  5.5252E-01 -1.2076E-01
  8.0000E+00  1.6304E-01  8.6702E+00  2.8047E+00  6.4357E-01  2.5318E-02 -1.9315E-01  5.5252E-01 -1.2076E-01
  8.0000E+00  1.6304E-01  8.6702E+00  2.8047E+00  6.4357E-01  2.5318E-02 -1.9315E-01  5.5252E-01 -1.2076E-01
  8.0000E+00  1.6304E-01  8.6702E+00  2.8047E+00  6.4357E-01  2.5318E-02 -1.9315E-01  5.5252E-01 -1.2076E-01
  8.0000E+00  1.6304E-01  8.6702E+00  2.8047E+00  6.4357E-01  2.5318E-02 -1.9315E-01  5.5252E-01 -1.2076E-01
  8.0000E+00  1.6304E-01  8.6702E+00  2.8047E+00  6.4357E-01  2.5318E-02 -1.9315E-01  5.5252E-01 -1.2076E-01
  8.0000E+00  1.6304E-01  8.6702E+00  2.8047E+00  6.4357E-01  2.5318E-02 -1.9315E-01  5.5252E-01 -1.2076E-01
  8.0000E+00  1.6304E-01  8.6702E+00  2.8047E+00  6.4357E-01  2.5318E-02 -1.9315E-01  5.5252E-01 -1.2076E-01
  8.0000E+00  1.6304E-01  8.6702E+00  2.8047E+00  6.4357E-01  2.5318E-02 -1.9315E-01  5.5252E-01 -1.2076E-01
  9.0000E+00  1.1279E-01  5.2866E+00  5.6016E-01  8.7227E-01  9.7702E-02 -1.0009E-01 -1.0583E+00  1.8330E-01
  9.0000E+00  1.1279E-01  5.2866E+00  5.6016E-01  8.7227E-01  9.7702E-02 -1.0009E-01 -1.0583E+00  1.8330E-01
  9.0000E+00  1.1279E-01  5.2866E+00  5.6016E-01  8.7227E-01  9.7702E-02 -1.0009E-01 -1.0583E+00  1.8330E-01
  9.0000E+00  1.1279E-01  5.2866E+00  5.6016E-01  8.7227E-01  9.7702E-02 -1.0009E-01 -1.0583E+00  1.8330E-01
  9.0000E+00  1.1279E-01  5.2866E+00  5.6016E-01  8.7227E-01  9.7702E-02 -1.0009E-01 -1.0583E+00  1.8330E-01
  9.0000E+00  1.1279E-01  5.2866E+00  5.6016E-01  8.7227E-01  9.7702E-02 -1.0009E-01 -1.0583E+00  1.8330E-01
  9.0000E+00  1.1279E-01  5.2866E+00  5.6016E-01  8.7227E-01  9.7702E-02 -1.0009E-01 -1.0583E+00  1.8330E-01
  9.0000E+00  1.1279E-01  5.2866E+00  5.6016E-01  8.7227E-01  9.7702E-02 -1.0009E-01 -1.0583E+00  1.8330E-01
  9.0000E+00  1.1279E-01  5.2866E+00  5.6016E-01  8.7227E-01  9.7702E-02 -1.0009E-01 -1.0583E+00  1.8330E-01
  9.0000E+00  1.1279E-01  5.2866E+00  5.6016E-01  8.7227E-01  9.7702E-02 -1.0009E-01 -1.0583E+00  1.8330E-01
  9.0000E+00  1.1279E-01  5.2866E+00  5.6016E-01  8.7227E-01  9.7702E-02 -1.0009E-01 -1.0583E+00  1.8330E-01
  9.0000E+00  1.1279E-01  5.2866E+00  5.6016E-01  8.7227E-01  9.7702E-02 -1.0009E-01 -1.0583E+00  1.8330E-01
  9.0000E+00  1.1279E-01  5.2866E+00  5.6016E-01  8.7227E-01  9.7702E-02 -1.0009E-01 -1.0583E+00  1.8330E-01
  9.0000E+00  1.1279E-01  5.2866E+00  5.6016E-01  8.7227E-01  9.7702E-02 -1.0009E-01 -1.0583E+00  1.8330E-01
  9.0000E+00  1.1279E-01  5.2866E+00  5.6016E-01  8.7227E-01  9.7702E-02 -1.0009E-01 -1.0583E+00  1.8330E-01
  9.0000E+00  1.1279E-01  5.2866E+00  5.6016E-01  8.7227E-01  9.7702E-02 -1.0009E-01 -1.0583E+00  1.8330E-01
  9.0000E+00  1.1279E-01  5.2866E+00  5.6016E-01  8.7227E-01  9.7702E-02 -1.0009E-01 -1.0583E+00  1.8330E-01
  9.0000E+00  1.1279E-01  5.2866E+00  5.6016E-01  8.7227E-01  9.7702E-02 -1.0009E-01 -1.0583E+00  1.8330E-01
  1.0000E+01  1.1449E-01  8.9186E+00  1.6311E+00  7.2125E-01 -1.3975E-01  8.6405E-02  1.0459E-02 -6.8212E-03
  1.0000E+01  1.1449E-01  8.9186E+00  1.6311E+00  7.2125E-01 -1.3975E-01  8.6405E-02  1.0459E-02 -6.8212E-03
  1.0000E+01  1.1449E-01  8.9186E+00  1.6311E+00  7.2125E-01 -1.3975E-01  8.6405E-02  1.0459E-02 -6.8212E-03
  1.0000E+01  1.1449E-01  8.9186E+00  1.6311E+00  7.2125E-01 -1.3975E-01  8.6405E-02  1.0459E-02 -6.8212E-03
  1.0000E+01  1.1449E-01  8.9186E+00  1.6311E+00  7.2125E-01 -1.3975E-01  8.6405E-02  1.0459E-02 -6.8212E-03
  1.0000E+01  1.1449E-01  8.9186E+00  1.6311E+00  7.2125E-01 -1.3975E-01  8.6405E-02  1.0459E-02 -6.8212E-03
  1.0000E+01  1.1449E-01  8.9186E+00  1.6311E+00  7.2125E-01 -1.3975E-01  8.6405E-02  1.0459E-02 -6.8212E-03
  1.2000E+01  1.2718E-01  8.0201E+00  1.7435E+00  7.2999E-01 -1.5326E-01 -1.7801E-01  7.7094E-02  5.2329E-03
  1.2000E+01  1.2718E-01  8.0201E+00  1.7435E+00  7.2999E-01 -1.5326E-01 -1.7801E-01  7.7094E-02  5.2329E-03
  1.2000E+01  1.2718E-01  8.0201E+00  1.7435E+00  7.2999E-01 -1.5326E-01 -1.7801E-01  7.7094E-02  5.2329E-03
  1.2000E+01  1.2718E-01  8.0201E+00  1.7435E+00  7.2999E-01 -1.5326E-01 -1.7801E-01  7.7094E-02  5.2329E-03
  1.2000E+01  1.2718E-01  8.0201E+00  1.7435E+00  7.2999E-01 -1.5326E-01 -1.7801E-01  7.7094E-02  5.2329E-03
  1.2000E+01  1.2718E-01  8.0201E+00  1.7435E+00  7.2999E-01 -1.5326E-01 -1.7801E-01  7.7094E-02  5.2329E-03
  1.2000E+01  1.2718E-01  8.0201E+00  1.7435E+00  7.2999E-01 -1.5326E-01 -1.7801E-01  7.7094E-02  5.2329E-03
  1.2000E+01  1.2718E-01  8.0201E+00  1.7435E+00  7.2999E-01 -1.5326E-01 -1.7801E-01  7.7094E-02  5.2329E-03
  1.2000E+01  1.2718E-01  8.0201E+00  1.7435E+00  7.2999E-01 -1.5326E-01 -1.7801E-01  7.7094E-02  5.2329E-03
  1.2000E+01  1.2718E-01  8.0201E+00  1.7435E+00  7.2999E-01 -1.5326E-01 -1.7801E-01  7.7094E-02  5.2329E-03
  1.2000E+01  1.2718E-01  8.0201E+00  1.7435E+00  7.2999E-01 -1.5326E-01 -1.7801E-01  7.7094E-02  5.2329E-03
  1.3000E+01  1.3264E-01  7.3949E+00  1.4938E+00  1.4735E+00 -4.7312E-02 -1.7392E-01 -7.7449E-02  7.0761E-01
  1.3000E+01  1.3264E-01  7.3949E+00  1.4938E+00  1.4735E+00 -4.7312E-02 -1.7392E-01 -7.7449E-02  7.0761E-01
  1.3000E+01  1.3264E-01  7.3949E+00  1.4938E+00  1.4735E+00 -4.7312E-02 -1.7392E-01 -7.7449E-02  7.0761E-01
  1.3000E+01  1.3264E-01  7.3949E+00  1.4938E+00  1.4735E+00 -4.7312E-02 -1.7392E-01 -7.7449E-02  7.0761E-01
  1.3000E+01  1.3264E-01  7.3949E+00  1.4938E+00  1.4735E+00 -4.7312E-02 -1.7392E-01 -7.7449E-02  7.0761E-01
  1.3000E+01  1.3264E-01  7.3949E+00  1.4938E+00  1.4735E+00 -4.7312E-02 -1.7392E-01 -7.7449E-02  7.0761E-01
  1.3000E+01  1.3264E-01  7.3949E+00  1.4938E+00  1.4735E+00 -4.7312E-02 -1.7392E-01 -7.7449E-02  7.0761E-01
  1.3000E+01  1.3264E-01  7.3949E+00  1.4938E+00  1.4735E+00 -4.7312E-02 -1.7392E-01 -7.7449E-02  7.0761E-01
  1.3000E+01  1.3264E-01  7.3949E+00  1.4938E+00  1.4735E+00 -4.7312E-02 -1.7392E-01 -7.7449E-02  7.0761E-01
  1.3000E+01  1.3264E-01  7.3949E+00  1.4938E+00  1.4735E+00 -4.7312E-02 -1.7392E-01 -7.7449E-02  7.0761E-01
  1.4000E+01  1.7169E-01  9.1166E+00  2.0079E+00  1.3300E+00  2.1071E-01  3.5382E-02  2.1830E-01  6.0516E-01
  1.4000E+01  1.7169E-01  9.1166E+00  2.0079E+00  1.3300E+00  2.1071E-01  3.5382E-02  2.1830E-01  6.0516E-01
  1.4000E+01  1.7169E-01  9.1166E+00  2.0079E+00  1.3300E+00  2.1071E-01  3.5382E-02  2.1830E-01  6.0516E-01
  1.4000E+01  1.7169E-01  9.1166E+00  2.0079E+00  1.3300E+00  2.1071E-01  3.5382E-02  2.1830E-01  6.0516E-01
  1.4000E+01  1.7169E-01  9.1166E+00  2.0079E+00  1.3300E+00  2.1071E-01  3.5382E-02  2.1830E-01  6.0516E-01
  1.4000E+01  1.7169E-01  9.1166E+00  2.0079E+00  1.3300E+00  2.1071E-01  3.5382E-02  2.1830E-01  6.0516E-01
  1.4000E+01  1.7169E-01  9.1166E+00  2.0079E+00  1.3300E+00  2.1071E-01  3.5382E-02  2.1830E-01  6.0516E-01
  1.4000E+01  1.7169E-01  9.1166E+00  2.0079E+00  1.3300E+00  2.1071E-01  3.5382E-02  2.1830E-01  6.0516E-01
  1.4000E+01  1.7169E-01  9.1166E+00  2.0079E+00  1.3300E+00  2.1071E-01  3.5382E-02  2.1830E-01  6.0516E-01
  1.4000E+01  1.7169E-01  9.1166E+00  2.0079E+00  1.3300E+00  2.1071E-01  3.5382E-02  2.1830E-01  6.0516E-01
  1.4000E+01  1.7169E-01  9.1166E+00  2.0079E+00  1.3300E+00  2.1071E-01  3.5382E-02  2.1830E-01  6.0516E-01
  1.4000E+01  1.7169E-01  9.1166E+00  2.0079E+00  1.3300E+00  2.1071E-01  3.5382E-02  2.1830E-01  6.0516E-01
  1.4000E+01  1.7169E-01  9.1166E+00  2.0079E+00  1.3300E+00  2.1071E-01  3.5382E-02  2.1830E-01  6.0516E-01
  1.5000E+01  1.5570E-01  6.0622E+00  2.1029E+00  8.8403E-01  4.2005E-01  3.6819E-02  2.6454E-01  1.9669E-01
  1.5000E+01  1.5570E-01  6.0622E+00  2.1029E+00  8.8403E-01  4.2005E-01  3.6819E-02  2.6454E-01  1.9669E-01
  1.5000E+01  1.5570E-01  6.0622E+00  2.1029E+00  8.8403E-01  4.2005E-01  3.6819E-02  2.6454E-01  1.9669E-01
  1.5000E+01  1.5570E-01  6.0622E+00  2.1029E+00  8.8403E-01  4.2005E-01  3.6819E-02  2.6454E-01  1.9669E-01
  1.5000E+01  1.5570E-01  6.0622E+00  2.1029E+00  8.8403E-01  4.2005E-01  3.6819E-02  2.6454E-01  1.9669E-01
  1.5000E+01  1.5570E-01  6.0622E+00  2.1029E+00  8.8403E-01  4.2005E-01  3.6819E-02  2.6454E-01  1.9669E-01
  1.5000E+01  1.5570E-01  6.0622E+00  2.1029E+00  8.8403E-01  4.2005E-01  3.6819E-02  2.6454E-01  1.9669E-01
  1.5000E+01  1.5570E-01  6.0622E+00  2.1029E+00  8.8403E-01  4.2005E-01  3.6819E-02  2.6454E-01  1.9669E-01
  1.5000E+01  1.5570E-01  6.0622E+00  2.1029E+00  8.8403E-01  4.2005E-01  3.6819E-02  2.6454E-01  1.9669E-01
  1.5000E+01  1.5570E-01  6.0622E+00  2.1029E+00  8.8403E-01  4.2005E-01  3.6819E-02  2.6454E-01  1.9669E-01
  1.5000E+01  1.5570E-01  6.0622E+00  2.1029E+00  8.8403E-01  4.2005E-01  3.6819E-02  2.6454E-01  1.9669E-01
  1.5000E+01  1.5570E-01  6.0622E+00  2.1029E+00  8.8403E-01  4.2005E-01  3.6819E-02  2.6454E-01  1.9669E-01
  1.5000E+01  1.5570E-01  6.0622E+00  2.1029E+00  8.8403E-01  4.2005E-01  3.6819E-02  2.6454E-01  1.9669E-01
  1.6000E+01  9.9558E-02  6.6321E+00  1.8228E+00  6.1398E-01 -1.2144E-01  9.1654E-04  1.2157E-01 -1.6784E-01
  1.6000E+01  9.9558E-02  6.6321E+00  1.8228E+00  6.1398E-01 -1.2144E-01  9.1654E-04  1.2157E-01 -1.6784E-01
  1.6000E+01  9.9558E-02  6.6321E+00  1.8228E+00  6.1398E-01 -1.2144E-01  9.1654E-04  1.2157E-01 -1.6784E-01
  1.6000E+01  9.9558E-02  6.6321E+00  1.8228E+00  6.1398E-01 -1.2144E-01  9.1654E-04  1.2157E-01 -1.6784E-01
  1.6000E+01  9.9558E-02  6.6321E+00  1.8228E+00  6.1398E-01 -1.2144E-01  9.1654E-04  1.2157E-01 -1.6784E-01
  1.6000E+01  9.9558E-02  6.6321E+00  1.8228E+00  6.1398E-01 -1.2144E-01  9.1654E-04  1.2157E-01 -1.6784E-01
  1.6000E+01  9.9558E-02  6.6321E+00  1.8228E+00  6.1398E-01 -1.2144E-01  9.1654E-04  1.2157E-01 -1.6784E-01
  1.6000E+01  9.9558E-02  6.6321E+00  1.8228E+00  6.1398E-01 -1.2144E-01  9.1654E-04  1.2157E-01 -1.6784E-01
  1.6000E+01  9.9558E-02  6.6321E+00  1.8228E+00  6.1398E-01 -1.2144E-01  9.1654E-04  1.2157E-01 -1.6784E-01
  1.6000E+01  9.9558E-02  6.6321E+00  1.8228E+00  6.1398E-01 -1.2144E-01  9.1654E-04  1.2157E-01 -1.6784E-01
  1.6000E+01  9.9558E-02  6.6321E+00  1.8228E+00  6.1398E-01 -1.2144E-01  9.1654E-04  1.2157E-01 -1.6784E-01
  1.7000E+01  9.5657E-02  6.2281E+00  1.5773E+00  7.3704E-01 -1.7841E-01 -8.4612E-02 -2.3082E-02  1.4847E-02
  1.7000E+01  9.5657E-02  6.2281E+00  1.5773E+00  7.3704E-01 -1.7841E-01 -8.4612E-02 -2.3082E-02  1.4847E-02
  1.7000E+01  9.5657E-02  6.2281E+00  1.5773E+00  7.3704E-01 -1.7841E-01 -8.4612E-02 -2.3082E-02  1.4847E-02
  1.7000E+01  9.5657E-02  6.2281E+00  1.5773E+00  7.3704E-01 -1.7841E-01 -8.4612E-02 -2.3082E-02  1.4847E-02
  1.7000E+01  9.5657E-02  6.2281E+00  1.5773E+00  7.3704E-01 -1.7841E-01 -8.4612E-02 -2.3082E-02  1.4847E-02
  1.7000E+01  9.5657E-02  6.2281E+00  1.5773E+00  7.3704E-01 -1.7841E-01 -8.4612E-02 -2.3082E-02  1.4847E-02
  1.7000E+01  9.5657E-02  6.2281E+00  1.5773E+00  7.3704E-01 -1.7841E-01 -8.4612E-02 -2.3082E-02  1.4847E-02
  1.8000E+01  1.5014E-01  1.0306E+01  1.6534E+00  7.1484E-01  5.0162E-02  1.2274E-01  2.4056E-02 -1.5747E-02
  1.8000E+01  1.5014E-01  1.0306E+01  1.6534E+00  7.1484E-01  5.0162E-02  1.2274E-01  2.4056E-02 -1.5747E-02
  1.8000E+01  1.5014E-01  1.0306E+01  1.6534E+00  7.1484E-01  5.0162E-02  1.2274E-01  2.4056E-02 -1.5747E-02
  1.8000E+01  1.5014E-01  1.0306E+01  1.6534E+00  7.1484E-01  5.0162E-02  1.2274E-01  2.4056E-02 -1.5747E-02
  1.8000E+01  1.5014E-01  1.0306E+01  1.6534E+00  7.1484E-01  5.0162E-02  1.2274E-01  2.4056E-02 -1.5747E-02
  1.8000E+01  1.5014E-01  1.0306E+01  1.6534E+00  7.1484E-01  5.0162E-02  1.2274E-01  2.4056E-02 -1.5747E-02
  1.8000E+01  1.5014E-01  1.0306E+01  1.6534E+00  7.1484E-01  5.0162E-02  1.2274E-01  2.4056E-02 -1.5747E-02
  1.9000E+01  1.8182E-01  7.9299E+00  1.5890E+00  7.3351E-01  2.7408E-01 -9.6075E-02 -1.5643E-02  1.0041E-02
  1.9000E+01  1.8182E-01  7.9299E+00  1.5890E+00  7.3351E-01  2.7408E-01 -9.6075E-02 -1.5643E-02  1.0041E-02
  1.9000E+01  1.8182E-01  7.9299E+00  1.5890E+00  7.3351E-01  2.7408E-01 -9.6075E-02 -1.5643E-02  1.0041E-02
  1.9000E+01  1.8182E-01  7.9299E+00  1.5890E+00  7.3351E-01  2.7408E-01 -9.6075E-02 -1.5643E-02  1.0041E-02
  1.9000E+01  1.8182E-01  7.9299E+00  1.5890E+00  7.3351E-01  2.7408E-01 -9.6075E-02 -1.5643E-02  1.0041E-02
  1.9000E+01  1.8182E-01  7.9299E+00  1.5890E+00  7.3351E-01  2.7408E-01 -9.6075E-02 -1.5643E-02  1.0041E-02
  1.9000E+01  1.8182E-01  7.9299E+00  1.5890E+00  7.3351E-01  2.7408E-01 -9.6075E-02 -1.5643E-02  1.0041E-02
  2.0000E+01  1.7923E-01  8.9222E+00  1.7131E+00  6.9819E-01  3.7918E-01  1.8113E-01  5.9512E-02 -3.9306E-02
  2.0000E+01  1.7923E-01  8.9222E+00  1.7131E+00  6.9819E-01  3.7918E-01  1.8113E-01  5.9512E-02 -3.9306E-02
  2.0000E+01  1.7923E-01  8.9222E+00  1.7131E+00  6.9819E-01  3.7918E-01  1.8113E-01  5.9512E-02 -3.9306E-02
  2.0000E+01  1.7923E-01  8.9222E+00  1.7131E+00  6.9819E-01  3.7918E-01  1.8113E-01  5.9512E-02 -3.9306E-02
  2.0000E+01  1.7923E-01  8.9222E+00  1.7131E+00  6.9819E-01  3.7918E-01  1.8113E-01  5.9512E-02 -3.9306E-02
  2.0000E+01  1.7923E-01  8.9222E+00  1.7131E+00  6.9819E-01  3.7918E-01  1.8113E-01  5.9512E-02 -3.9306E-02
  2.0000E+01  1.7923E-01  8.9222E+00  1.7131E+00  6.9819E-01  3.7918E-01  1.8113E-01  5.9512E-02 -3.9306E-02
  2.1000E+01  9.5550E-02  6.6699E+00  1.5948E+00  7.3186E-01 -1.9235E-01 -3.3166E-02 -1.2057E-02  7.7925E-03
  2.1000E+01  9.5550E-02  6.6699E+00  1.5948E+00  7.3186E-01 -1.9235E-01 -3.3166E-02 -1.2057E-02  7.7925E-03
  2.1000E+01  9.5550E-02  6.6699E+00  1.5948E+00  7.3186E-01 -1.9235E-01 -3.3166E-02 -1.2057E-02  7.7925E-03
  2.1000E+01  9.5550E-02  6.6699E+00  1.5948E+00  7.3186E-01 -1.9235E-01 -3.3166E-02 -1.2057E-02  7.7925E-03
  2.1000E+01  9.5550E-02  6.6699E+00  1.5948E+00  7.3186E-01 -1.9235E-01 -3.3166E-02 -1.2057E-02  7.7925E-03
  2.1000E+01  9.5550E-02  6.6699E+00  1.5948E+00  7.3186E-01 -1.9235E-01 -3.3166E-02 -1.2057E-02  7.7925E-03
  2.1000E+01  9.5550E-02  6.6699E+00  1.5948E+00  7.3186E-01 -1.9235E-01 -3.3166E-02 -1.2057E-02  7.7925E-03
  2.2000E+01  1.3825E-01  8.9281E+00  1.6873E+00  7.0528E-01  1.3987E-01  2.0884E-01  4.4338E-02 -2.9211E-02
  2.2000E+01  1.3825E-01  8.9281E+00  1.6873E+00  7.0528E-01  1.3987E-01  2.0884E-01  4.4338E-02 -2.9211E-02
  2.2000E+01  1.3825E-01  8.9281E+00  1.6873E+00  7.0528E-01  1.3987E-01  2.0884E-01  4.4338E-02 -2.9211E-02
  2.2000E+01  1.3825E-01  8.9281E+00  1.6873E+00  7.0528E-01  1.3987E-01  2.0884E-01  4.4338E-02 -2.9211E-02
  2.2000E+01  1.3825E-01  8.9281E+00  1.6873E+00  7.0528E-01  1.3987E-01  2.0884E-01  4.4338E-02 -2.9211E-02
  2.2000E+01  1.3825E-01  8.9281E+00  1.6873E+00  7.0528E-01  1.3987E-01  2.0884E-01  4.4338E-02 -2.9211E-02
  2.2000E+01  1.3825E-01  8.9281E+00  1.6873E+00  7.0528E-01  1.3987E-01  2.0884E-01  4.4338E-02 -2.9211E-02
  2.3000E+01  1.0109E-01  6.0004E+00  1.5633E+00  7.4119E-01 -1.2317E-01 -1.2185E-01 -3.1944E-02  2.0459E-02
  2.3000E+01  1.0109E-01  6.0004E+00  1.5633E+00  7.4119E-01 -1.2317E-01 -1.2185E-01 -3.1944E-02  2.0459E-02
  2.3000E+01  1.0109E-01  6.0004E+00  1.5633E+00  7.4119E-01 -1.2317E-01 -1.2185E-01 -3.1944E-02  2.0459E-02
  2.3000E+01  1.0109E-01  6.0004E+00  1.5633E+00  7.4119E-01 -1.2317E-01 -1.2185E-01 -3.1944E-02  2.0459E-02
  2.3000E+01  1.0109E-01  6.0004E+00  1.5633E+00  7.4119E-01 -1.2317E-01 -1.2185E-01 -3.1944E-02  2.0459E-02
  2.3000E+01  1.0109E-01  6.0004E+00  1.5633E+00  7.4119E-01 -1.2317E-01 -1.2185E-01 -3.1944E-02  2.0459E-02
  2.3000E+01  1.0109E-01  6.0004E+00  1.5633E+00  7.4119E-01 -1.2317E-01 -1.2185E-01 -3.1944E-02  2.0459E-02
  2.4000E+01  1.2217E-01  8.2623E+00  1.5974E+00  7.3108E-01 -1.0938E-01 -3.6090E-02 -1.0396E-02  6.7208E-03
  2.4000E+01  1.2217E-01  8.2623E+00  1.5974E+00  7.3108E-01 -1.0938E-01 -3.6090E-02 -1.0396E-02  6.7208E-03
  2.4000E+01  1.2217E-01  8.2623E+00  1.5974E+00  7.3108E-01 -1.0938E-01 -3.6090E-02 -1.0396E-02  6.7208E-03
  2.4000E+01  1.2217E-01  8.2623E+00  1.5974E+00  7.3108E-01 -1.0938E-01 -3.6090E-02 -1.0396E-02  6.7208E-03
  2.4000E+01  1.2217E-01  8.2623E+00  1.5974E+00  7.3108E-01 -1.0938E-01 -3.6090E-02 -1.0396E-02  6.7208E-03
  2.4000E+01  1.2217E-01  8.2623E+00  1.5974E+00  7.3108E-01 -1.0938E-01 -3.6090E-02 -1.0396E-02  6.7208E-03
  2.4000E+01  1.2217E-01  8.2623E+00  1.5974E+00  7.3108E-01 -1.0938E-01 -3.6090E-02 -1.0396E-02  6.7208E-03
  2.5000E+01  1.0404E-01  1.0269E+01  1.6323E+00  7.2089E-01 -3.0401E-01  1.3596E-01  1.1199E-02 -7.3174E-03
  2.5000E+01  1.0404E-01  1.0269E+01  1.6323E+00  7.2089E-01 -3.0401E-01  1.3596E-01  1.1199E-02 -7.3174E-03
  2.5000E+01  1.0404E-01  1.0269E+01  1.6323E+00  7.2089E-01 -3.0401E-01  1.3596E-01  1.1199E-02 -7.3174E-03
  2.5000E+01  1.0404E-01  1.0269E+01  1.6323E+00  7.2089E-01 -3.0401E-01  1.3596E-01  1.1199E-02 -7.3174E-03
  2.5000E+01  1.0404E-01  1.0269E+01  1.6323E+00  7.2089E-01 -3.0401E-01  1.3596E-01  1.1199E-02 -7.3174E-03
  2.5000E+01  1.0404E-01  1.0269E+01  1.6323E+00  7.2089E-01 -3.0401E-01  1.3596E-01  1.1199E-02 -7.3174E-03
  2.5000E+01  1.0404E-01  1.0269E+01  1.6323E+00  7.2089E-01 -3.0401E-01  1.3596E-01  1.1199E-02 -7.3174E-03
  2.6000E+01  1.0744E-01  7.3748E+00  1.5491E+00  7.4552E-01 -2.5200E-01 -1.6864E-01 -4.1122E-02  2.6286E-02
  2.6000E+01  1.0744E-01  7.3748E+00  1.5491E+00  7.4552E-01 -2.5200E-01 -1.6864E-01 -4.1122E-02  2.6286E-02
  2.6000E+01  1.0744E-01  7.3748E+00  1.5491E+00  7.4552E-01 -2.5200E-01 -1.6864E-01 -4.1122E-02  2.6286E-02
  2.6000E+01  1.0744E-01  7.3748E+00  1.5491E+00  7.4552E-01 -2.5200E-01 -1.6864E-01 -4.1122E-02  2.6286E-02
  2.6000E+01  1.0744E-01  7.3748E+00  1.5491E+00  7.4552E-01 -2.5200E-01 -1.6864E-01 -4.1122E-02  2.6286E-02
  2.6000E+01  1.0744E-01  7.3748E+00  1.5491E+00  7.4552E-01 -2.5200E-01 -1.6864E-01 -4.1122E-02  2.6286E-02
  2.6000E+01  1.0744E-01  7.3748E+00  1.5491E+00  7.4552E-01 -2.5200E-01 -1.6864E-01 -4.1122E-02  2.6286E-02
  2.7000E+01  1.2181E-01  8.8221E+00  1.5889E+00  7.3360E-01 -1.7791E-01 -5.8005E-02 -1.5739E-02  1.0162E-02
  2.7000E+01  1.2181E-01  8.8221E+00  1.5889E+00  7.3360E-01 -1.7791E-01 -5.8005E-02 -1.5739E-02  1.0162E-02
  2.7000E+01  1.2181E-01  8.8221E+00  1.5889E+00  7.3360E-01 -1.7791E-01 -5.8005E-02 -1.5739E-02  1.0162E-02
  2.7000E+01  1.2181E-01  8.8221E+00  1.5889E+00  7.3360E-01 -1.7791E-01 -5.8005E-02 -1.5739E-02  1.0162E-02
  2.7000E+01  1.2181E-01  8.8221E+00  1.5889E+00  7.3360E-01 -1.7791E-01 -5.8005E-02 -1.5739E-02  1.0162E-02
  2.7000E+01  1.2181E-01  8.8221E+00  1.5889E+00  7.3360E-01 -1.7791E-01 -5.8005E-02 -1.5739E-02  1.0162E-02
  2.7000E+01  1.2181E-01  8.8221E+00  1.5889E+00  7.3360E-01 -1.7791E-01 -5.8005E-02 -1.5739E-02  1.0162E-02
  2.8000E+01  1.2101E-01  8.1300E+00  1.5605E+00  7.4207E-01 -1.8453E-01 -1.3970E-01 -3.3769E-02  2.1642E-02
  2.8000E+01  1.2101E-01  8.1300E+00  1.5605E+00  7.4207E-01 -1.8453E-01 -1.3970E-01 -3.3769E-02  2.1642E-02
  2.8000E+01  1.2101E-01  8.1300E+00  1.5605E+00  7.4207E-01 -1.8453E-01 -1.3970E-01 -3.3769E-02  2.1642E-02
  2.8000E+01  1.2101E-01  8.1300E+00  1.5605E+00  7.4207E-01 -1.8453E-01 -1.3970E-01 -3.3769E-02  2.1642E-02
  2.8000E+01  1.2101E-01  8.1300E+00  1.5605E+00  7.4207E-01 -1.8453E-01 -1.3970E-01 -3.3769E-02  2.1642E-02
  2.8000E+01  1.2101E-01  8.1300E+00  1.5605E+00  7.4207E-01 -1.8453E-01 -1.3970E-01 -3.3769E-02  2.1642E-02
  2.8000E+01  1.2101E-01  8.1300E+00  1.5605E+00  7.4207E-01 -1.8453E-01 -1.3970E-01 -3.3769E-02  2.1642E-02
  2.9000E+01  1.3750E-01  8.9049E+00  1.5953E+00  7.3169E-01 -5.6745E-02 -4.8662E-02 -1.1692E-02  7.5522E-03
  2.9000E+01  1.3750E-01  8.9049E+00  1.5953E+00  7.3169E-01 -5.6745E-02 -4.8662E-02 -1.1692E-02  7.5522E-03
  2.9000E+01  1.3750E-01  8.9049E+00  1.5953E+00  7.3169E-01 -5.6745E-02 -4.8662E-02 -1.1692E-02  7.5522E-03
  2.9000E+01  1.3750E-01  8.9049E+00  1.5953E+00  7.3169E-01 -5.6745E-02 -4.8662E-02 -1.1692E-02  7.5522E-03
  2.9000E+01  1.3750E-01  8.9049E+00  1.5953E+00  7.3169E-01 -5.6745E-02 -4.8662E-02 -1.1692E-02  7.5522E-03
  2.9000E+01  1.3750E-01  8.9049E+00  1.5953E+00  7.3169E-01 -5.6745E-02 -4.8662E-02 -1.1692E-02  7.5522E-03
  2.9000E+01  1.3750E-01  8.9049E+00  1.5953E+00  7.3169E-01 -5.6745E-02 -4.8662E-02 -1.1692E-02  7.5522E-03
  3.0000E+01  1.8958E-01  1.3241E+01  1.6491E+00  7.1607E-01  8.2242E-02  1.0510E-01  2.1447E-02 -1.4028E-02
  3.0000E+01  1.8958E-01  1.3241E+01  1.6491E+00  7.1607E-01  8.2242E-02  1.0510E-01  2.1447E-02 -1.4028E-02
  3.0000E+01  1.8958E-01  1.3241E+01  1.6491E+00  7.1607E-01  8.2242E-02  1.0510E-01  2.1447E-02 -1.4028E-02
  3.0000E+01  1.8958E-01  1.3241E+01  1.6491E+00  7.1607E-01  8.2242E-02  1.0510E-01  2.1447E-02 -1.4028E-02
  3.0000E+01  1.8958E-01  1.3241E+01  1.6491E+00  7.1607E-01  8.2242E-02  1.0510E-01  2.1447E-02 -1.4028E-02
  3.0000E+01  1.8958E-01  1.3241E+01  1.6491E+00  7.1607E-01  8.2242E-02  1.0510E-01  2.1447E-02 -1.4028E-02
  3.0000E+01  1.8958E-01  1.3241E+01  1.6491E+00  7.1607E-01  8.2242E-02  1.0510E-01  2.1447E-02 -1.4028E-02
  3.1000E+01  1.2412E-01  8.1099E+00  1.6083E+00  7.2788E-01 -5.8945E-02 -8.6461E-03 -3.6149E-03  2.3421E-03
  3.1000E+01  1.2412E-01  8.1099E+00  1.6083E+00  7.2788E-01 -5.8945E-02 -8.6461E-03 -3.6149E-03  2.3421E-03
  3.1000E+01  1.2412E-01  8.1099E+00  1.6083E+00  7.2788E-01 -5.8945E-02 -8.6461E-03 -3.6149E-03  2.3421E-03
  3.1000E+01  1.2412E-01  8.1099E+00  1.6083E+00  7.2788E-01 -5.8945E-02 -8.6461E-03 -3.6149E-03  2.3421E-03
  3.1000E+01  1.2412E-01  8.1099E+00  1.6083E+00  7.2788E-01 -5.8945E-02 -8.6461E-03 -3.6149E-03  2.3421E-03
  3.1000E+01  1.2412E-01  8.1099E+00  1.6083E+00  7.2788E-01 -5.8945E-02 -8.6461E-03 -3.6149E-03  2.3421E-03
  3.1000E+01  1.2412E-01  8.1099E+00  1.6083E+00  7.2788E-01 -5.8945E-02 -8.6461E-03 -3.6149E-03  2.3421E-03
  3.2000E+01  1.3961E-01  9.9449E+00  1.6169E+00  7.2535E-01 -7.1821E-02  2.1374E-02  1.7637E-03 -1.1458E-03
  3.2000E+01  1.3961E-01  9.9449E+00  1.6169E+00  7.2535E-01 -7.1821E-02  2.1374E-02  1.7637E-03 -1.1458E-03
  3.2000E+01  1.3961E-01  9.9449E+00  1.6169E+00  7.2535E-01 -7.1821E-02  2.1374E-02  1.7637E-03 -1.1458E-03
  3.2000E+01  1.3961E-01  9.9449E+00  1.6169E+00  7.2535E-01 -7.1821E-02  2.1374E-02  1.7637E-03 -1.1458E-03
  3.2000E+01  1.3961E-01  9.9449E+00  1.6169E+00  7.2535E-01 -7.1821E-02  2.1374E-02  1.7637E-03 -1.1458E-03
  3.2000E+01  1.3961E-01  9.9449E+00  1.6169E+00  7.2535E-01 -7.1821E-02  2.1374E-02  1.7637E-03 -1.1458E-03
  3.2000E+01  1.3961E-01  9.9449E+00  1.6169E+00  7.2535E-01 -7.1821E-02  2.1374E-02  1.7637E-03 -1.1458E-03
  3.3000E+01  1.0359E-01  7.4751E+00  1.6161E+00  7.2558E-01 -1.4875E-01  3.1206E-02  1.2712E-03 -8.2578E-04
  3.3000E+01  1.0359E-01  7.4751E+00  1.6161E+00  7.2558E-01 -1.4875E-01  3.1206E-02  1.2712E-03 -8.2578E-04
  3.3000E+01  1.0359E-01  7.4751E+00  1.6161E+00  7.2558E-01 -1.4875E-01  3.1206E-02  1.2712E-03 -8.2578E-04
  3.3000E+01  1.0359E-01  7.4751E+00  1.6161E+00  7.2558E-01 -1.4875E-01  3.1206E-02  1.2712E-03 -8.2578E-04
  3.3000E+01  1.0359E-01  7.4751E+00  1.6161E+00  7.2558E-01 -1.4875E-01  3.1206E-02  1.2712E-03 -8.2578E-04
  3.3000E+01  1.0359E-01  7.4751E+00  1.6161E+00  7.2558E-01 -1.4875E-01  3.1206E-02  1.2712E-03 -8.2578E-04
  3.3000E+01  1.0359E-01  7.4751E+00  1.6161E+00  7.2558E-01 -1.4875E-01  3.1206E-02  1.2712E-03 -8.2578E-04
