TABLE NO.  1
 ID          TIME        WT          AMT         DVID        MDV         PRED        IPRED       RES         IRES        WRES        IWRES       Y           DV
  1.0000E+00  0.0000E+00  6.6700E+01  1.0000E+02  0.0000E+00  1.0000E+00  0.0000E+00  0.0000E+00  0.0000E+00  0.0000E+00  0.0000E+00  0.0000E+00  0.0000E+00  0.0000E+00
  1.0000E+00  5.0000E-01  6.6700E+01  0.0000E+00  1.0000E+00  0.0000E+00  0.0000E+00  0.0000E+00  0.0000E+00  0.0000E+00  0.0000E+00  0.0000E+00  0.0000E+00  0.0000E+00
  1.0000E+00  1.0000E+00  6.6700E+01  0.0000E+00  1.0000E+00  0.0000E+00  4.5721E+00  1.7544E+00 -2.6721E+00  1.4561E-01  1.9999E-01  7.1745E-01  1.7544E+00  1.9000E+00
  1.0000E+00  2.0000E+00  6.6700E+01  0.0000E+00  1.0000E+00  0.0000E+00  1.1036E+01  4.4968E+00 -7.7356E+00 -1.1968E+00 -2.5245E+00 -2.3007E+00  4.4968E+00  3.3000E+00
  1.0000E+00  3.0000E+00  6.6700E+01  0.0000E+00  1.0000E+00  0.0000E+00  1.2159E+01  6.4063E+00 -5.5587E+00  1.9368E-01 -1.8247E+00  2.6134E-01  6.4063E+00  6.6000E+00
  1.0000E+00  6.0000E+00  6.6700E+01  0.0000E+00  1.0000E+00  0.0000E+00  1.1891E+01  9.0761E+00 -2.7906E+00  2.3896E-02 -4.5676E-01  2.2760E-02  9.0761E+00  9.1000E+00
  1.0000E+00  9.0000E+00  6.6700E+01  0.0000E+00  1.0000E+00  0.0000E+00  1.1326E+01  9.4591E+00 -5.2589E-01  1.3409E+00  1.2592E+00  1.2255E+00  9.4591E+00  1.0800E+01
  1.0000E+00  1.2000E+01  6.6700E+01  0.0000E+00  1.0000E+00  0.0000E+00  1.0786E+01  8.9914E+00 -2.1857E+00 -3.9139E-01  3.8386E-02 -3.7629E-01  8.9914E+00  8.6000E+00
  1.0000E+00  2.4000E+01  6.6700E+01  0.0000E+00  1.0000E+00  0.0000E+00  8.8706E+00  5.9788E+00 -3.2706E+00 -3.7877E-01 -8.7262E-01 -5.4765E-01  5.9788E+00  5.6000E+00
  1.0000E+00  3.6000E+01  6.6700E+01  0.0000E+00  1.0000E+00  0.0000E+00  7.2955E+00  3.7984E+00 -3.2955E+00  2.0161E-01 -1.0128E+00  4.5883E-01  3.7984E+00  4.0000E+00
  1.0000E+00  4.8000E+01  6.6700E+01  0.0000E+00  1.0000E+00  0.0000E+00  6.0001E+00  2.4086E+00 -3.3001E+00  2.9137E-01 -1.2280E+00  1.0457E+00  2.4086E+00  2.7000E+00
  1.0000E+00  7.2000E+01  6.6700E+01  0.0000E+00  1.0000E+00  0.0000E+00  4.0585E+00  9.6837E-01 -3.2585E+00 -1.6837E-01 -1.9828E+00 -1.5030E+00  9.6837E-01  8.0000E-01
  1.0000E+00  9.6000E+01  6.6700E+01  0.0000E+00  1.0000E+00  1.0000E+00  2.7452E+00  3.8932E-01  0.0000E+00 -3.8932E-01  0.0000E+00 -8.6445E+00  3.8932E-01  0.0000E+00
  1.0000E+00  1.2000E+02  6.6700E+01  0.0000E+00  1.0000E+00  1.0000E+00  1.8569E+00  1.5652E-01  0.0000E+00 -1.5652E-01  0.0000E+00 -8.6445E+00  1.5652E-01  0.0000E+00
  2.0000E+00  0.0000E+00  6.6700E+01  1.0000E+02  0.0000E+00  1.0000E+00  0.0000E+00  0.0000E+00  0.0000E+00  0.0000E+00  0.0000E+00  0.0000E+00  0.0000E+00  0.0000E+00
  2.0000E+00  2.4000E+01  6.6700E+01  0.0000E+00  1.0000E+00  0.0000E+00  8.8706E+00  9.3166E+00  3.2942E-01 -1.1656E-01 -7.6640E-02 -1.0815E-01  9.3166E+00  9.2000E+00
  2.0000E+00  3.6000E+01  6.6700E+01  0.0000E+00  1.0000E+00  0.0000E+00  7.2955E+00  7.8371E+00  1.2045E+00  6.6295E-01  8.4768E-01  7.3125E-01  7.8371E+00  8.5000E+00
  2.0000E+00  4.8000E+01  6.6700E+01  0.0000E+00  1.0000E+00  0.0000E+00  6.0001E+00  6.5925E+00  3.9990E-01 -1.9250E-01 -1.7049E-01 -2.5242E-01  6.5925E+00  6.4000E+00
  2.0000E+00  7.2000E+01  6.6700E+01  0.0000E+00  1.0000E+00  0.0000E+00  4.0585E+00  4.6649E+00  7.4150E-01  1.3508E-01  4.1523E-01  2.5031E-01  4.6649E+00  4.8000E+00
  2.0000E+00  9.6000E+01  6.6700E+01  0.0000E+00  1.0000E+00  0.0000E+00  2.7452E+00  3.3009E+00  3.5481E-01 -2.0095E-01 -4.3264E-01 -5.2624E-01  3.3009E+00  3.1000E+00
  2.0000E+00  1.2000E+02  6.6700E+01  0.0000E+00  1.0000E+00  0.0000E+00  1.8569E+00  2.3358E+00  6.4314E-01  1.6421E-01  8.6985E-01  6.0774E-01  2.3358E+00  2.5000E+00
  3.0000E+00  0.0000E+00  6.6700E+01  1.0000E+02  0.0000E+00  1.0000E+00  0.0000E+00  0.0000E+00  0.0000E+00  0.0000E+00  0.0000E+00  0.0000E+00  0.0000E+00  0.0000E+00
  3.0000E+00  5.0000E-01  6.6700E+01  0.0000E+00  1.0000E+00  0.0000E+00  0.0000E+00  0.0000E+00  0.0000E+00  0.0000E+00  0.0000E+00  0.0000E+00  0.0000E+00  0.0000E+00
  3.0000E+00  2.0000E+00  6.6700E+01  0.0000E+00  1.0000E+00  0.0000E+00  1.1036E+01  8.1413E+00 -2.6356E+00  2.5867E-01 -6.5803E-01  2.7466E-01  8.1413E+00  8.4000E+00
  3.0000E+00  3.0000E+00  6.6700E+01  0.0000E+00  1.0000E+00  0.0000E+00  1.2159E+01  1.0389E+01 -2.4587E+00 -6.8919E-01 -9.8767E-01 -5.7345E-01  1.0389E+01  9.7000E+00
  3.0000E+00  6.0000E+00  6.6700E+01  0.0000E+00  1.0000E+00  0.0000E+00  1.1891E+01  1.1407E+01 -2.0906E+00 -1.6071E+00 -1.0405E+00 -1.2179E+00  1.1407E+01  9.8000E+00
  3.0000E+00  1.2000E+01  6.6700E+01  0.0000E+00  1.0000E+00  0.0000E+00  1.0786E+01  1.0449E+01  2.1429E-01  5.5109E-01  5.9635E-01  4.5592E-01  1.0449E+01  1.1000E+01
  3.0000E+00  2.4000E+01  6.6700E+01  0.0000E+00  1.0000E+00  0.0000E+00  8.8706E+00  8.5861E+00 -5.7058E-01 -2.8611E-01 -2.0121E-01 -2.8805E-01  8.5861E+00  8.3000E+00
  3.0000E+00  3.6000E+01  6.6700E+01  0.0000E+00  1.0000E+00  0.0000E+00  7.2955E+00  7.0550E+00  4.0449E-01  6.4500E-01  7.4144E-01  7.9033E-01  7.0550E+00  7.7000E+00
  3.0000E+00  4.8000E+01  6.6700E+01  0.0000E+00  1.0000E+00  0.0000E+00  6.0001E+00  5.7969E+00  2.9990E-01  5.0308E-01  6.1234E-01  7.5021E-01  5.7969E+00  6.3000E+00
  3.0000E+00  7.2000E+01  6.6700E+01  0.0000E+00  1.0000E+00  0.0000E+00  4.0585E+00  3.9138E+00  4.1502E-02  1.8621E-01  1.3035E-01  4.1128E-01  3.9138E+00  4.1000E+00
  3.0000E+00  9.6000E+01  6.6700E+01  0.0000E+00  1.0000E+00  0.0000E+00  2.7452E+00  2.6424E+00  2.5481E-01  3.5760E-01  6.9073E-01  1.1699E+00  2.6424E+00  3.0000E+00
  3.0000E+00  1.2000E+02  6.6700E+01  0.0000E+00  1.0000E+00  0.0000E+00  1.8569E+00  1.7840E+00 -4.5686E-01 -3.8402E-01 -2.0518E+00 -1.8608E+00  1.7840E+00  1.4000E+00
  4.0000E+00  0.0000E+00  8.0000E+01  1.2000E+02  0.0000E+00  1.0000E+00  0.0000E+00  0.0000E+00  0.0000E+00  0.0000E+00  0.0000E+00  0.0000E+00  0.0000E+00  0.0000E+00
  4.0000E+00  3.0000E+00  8.0000E+01  0.0000E+00  1.0000E+00  0.0000E+00  1.2180E+01  1.2430E+01 -1.7984E-01 -4.2956E-01 -5.0117E-01 -2.9875E-01  1.2430E+01  1.2000E+01
  4.0000E+00  6.0000E+00  8.0000E+01  0.0000E+00  1.0000E+00  0.0000E+00  1.1937E+01  1.2926E+01  1.2634E+00  2.7431E-01  3.7377E-01  1.8346E-01  1.2926E+01  1.3200E+01
  4.0000E+00  9.0000E+00  8.0000E+01  0.0000E+00  1.0000E+00  0.0000E+00  1.1394E+01  1.2465E+01  3.0055E+00  1.9351E+00  1.6640E+00  1.3420E+00  1.2465E+01  1.4400E+01
  4.0000E+00  2.4000E+01  8.0000E+01  0.0000E+00  1.0000E+00  0.0000E+00  9.0217E+00  1.0276E+01  5.7828E-01 -6.7593E-01 -3.8187E-01 -5.6862E-01  1.0276E+01  9.6000E+00
  4.0000E+00  3.6000E+01  8.0000E+01  0.0000E+00  1.0000E+00  0.0000E+00  7.4845E+00  8.8044E+00  7.1545E-01 -6.0441E-01 -4.0675E-01 -5.9343E-01  8.8044E+00  8.2000E+00
  4.0000E+00  4.8000E+01  8.0000E+01  0.0000E+00  1.0000E+00  0.0000E+00  6.2093E+00  7.5436E+00  1.5907E+00  2.5639E-01  6.4258E-01  2.9381E-01  7.5436E+00  7.8000E+00
  4.0000E+00  7.2000E+01  8.0000E+01  0.0000E+00  1.0000E+00  0.0000E+00  4.2736E+00  5.5378E+00  1.5264E+00  2.6220E-01  8.0061E-01  4.0930E-01  5.5378E+00  5.8000E+00
  4.0000E+00  9.6000E+01  8.0000E+01  0.0000E+00  1.0000E+00  0.0000E+00  2.9413E+00  4.0653E+00  1.3587E+00  2.3468E-01  9.2565E-01  4.9903E-01  4.0653E+00  4.3000E+00
  4.0000E+00  1.2000E+02  8.0000E+01  0.0000E+00  1.0000E+00  0.0000E+00  2.0244E+00  2.9844E+00  9.7560E-01  1.5631E-02  3.3769E-01  4.5277E-02  2.9844E+00  3.0000E+00
  5.0000E+00  0.0000E+00  4.0000E+01  6.0000E+01  0.0000E+00  1.0000E+00  0.0000E+00  0.0000E+00  0.0000E+00  0.0000E+00  0.0000E+00  0.0000E+00  0.0000E+00  0.0000E+00
  5.0000E+00  3.0000E+00  4.0000E+01  0.0000E+00  1.0000E+00  0.0000E+00  1.2119E+01  1.1243E+01 -1.0187E+00 -1.4296E-01 -4.0372E-01 -1.0992E-01  1.1243E+01  1.1100E+01
  5.0000E+00  6.0000E+00  4.0000E+01  0.0000E+00  1.0000E+00  0.0000E+00  1.1774E+01  1.1170E+01  1.2572E-01  7.3015E-01  3.0947E-01  5.6508E-01  1.1170E+01  1.1900E+01
  5.0000E+00  9.0000E+00  4.0000E+01  0.0000E+00  1.0000E+00  0.0000E+00  1.1141E+01  1.0709E+01 -1.3407E+00 -9.0880E-01 -8.7903E-01 -7.3361E-01  1.0709E+01  9.8000E+00
  5.0000E+00  1.2000E+01  4.0000E+01  0.0000E+00  1.0000E+00  0.0000E+00  1.0539E+01  1.0262E+01  4.6113E-01  7.3759E-01  4.5938E-01  6.2131E-01  1.0262E+01  1.1000E+01
  5.0000E+00  2.4000E+01  4.0000E+01  0.0000E+00  1.0000E+00  0.0000E+00  8.4396E+00  8.6551E+00  6.0421E-02 -1.5514E-01 -1.5967E-01 -1.5495E-01  8.6551E+00  8.5000E+00
  5.0000E+00  3.6000E+01  4.0000E+01  0.0000E+00  1.0000E+00  0.0000E+00  6.7585E+00  7.2996E+00  8.4154E-01  3.0040E-01  4.8608E-01  3.5575E-01  7.2996E+00  7.6000E+00
  5.0000E+00  4.8000E+01  4.0000E+01  0.0000E+00  1.0000E+00  0.0000E+00  5.4122E+00  6.1564E+00 -1.2203E-02 -7.5636E-01 -9.8339E-01 -1.0621E+00  6.1564E+00  5.4000E+00
  5.0000E+00  7.2000E+01  4.0000E+01  0.0000E+00  1.0000E+00  0.0000E+00  3.4708E+00  4.3790E+00  1.0292E+00  1.2101E-01  6.1520E-01  2.3889E-01  4.3790E+00  4.5000E+00
  5.0000E+00  9.6000E+01  4.0000E+01  0.0000E+00  1.0000E+00  0.0000E+00  2.2258E+00  3.1148E+00  1.0742E+00  1.8525E-01  1.1084E+00  5.1412E-01  3.1148E+00  3.3000E+00
  5.0000E+00  1.2000E+02  4.0000E+01  0.0000E+00  1.0000E+00  0.0000E+00  1.4274E+00  2.2155E+00  8.7264E-01  8.4490E-02  1.0474E+00  3.2967E-01  2.2155E+00  2.3000E+00
  6.0000E+00  0.0000E+00  7.5300E+01  1.1300E+02  0.0000E+00  1.0000E+00  0.0000E+00  0.0000E+00  0.0000E+00  0.0000E+00  0.0000E+00  0.0000E+00  0.0000E+00  0.0000E+00
  6.0000E+00  6.0000E+00  7.5300E+01  0.0000E+00  1.0000E+00  0.0000E+00  1.1929E+01  9.3486E+00 -3.3287E+00 -7.4856E-01 -1.2598E+00 -6.9219E-01  9.3486E+00  8.6000E+00
  6.0000E+00  1.2000E+01  7.5300E+01  0.0000E+00  1.0000E+00  0.0000E+00  1.0852E+01  8.5181E+00 -2.2520E+00  8.1882E-02 -5.9143E-01  8.3097E-02  8.5181E+00  8.6000E+00
  6.0000E+00  2.4000E+01  7.5300E+01  0.0000E+00  1.0000E+00  0.0000E+00  8.9773E+00  7.0701E+00 -1.9773E+00 -7.0082E-02 -5.9762E-01 -8.5689E-02  7.0701E+00  7.0000E+00
  6.0000E+00  3.6000E+01  7.5300E+01  0.0000E+00  1.0000E+00  0.0000E+00  7.4265E+00  5.8682E+00 -1.7265E+00 -1.6821E-01 -6.0945E-01 -2.4779E-01  5.8682E+00  5.7000E+00
  6.0000E+00  4.8000E+01  7.5300E+01  0.0000E+00  1.0000E+00  0.0000E+00  6.1436E+00  4.8706E+00 -1.4436E+00 -1.7064E-01 -5.4974E-01 -3.0286E-01  4.8706E+00  4.7000E+00
  6.0000E+00  7.2000E+01  7.5300E+01  0.0000E+00  1.0000E+00  0.0000E+00  4.2044E+00  3.3554E+00 -9.0437E-01 -5.5426E-02 -2.5971E-01 -1.4279E-01  3.3554E+00  3.3000E+00
  6.0000E+00  9.6000E+01  7.5300E+01  0.0000E+00  1.0000E+00  0.0000E+00  2.8773E+00  2.3116E+00 -5.7725E-01 -1.1582E-02 -6.8974E-02 -4.3313E-02  2.3116E+00  2.3000E+00
  6.0000E+00  1.2000E+02  7.5300E+01  0.0000E+00  1.0000E+00  0.0000E+00  1.9690E+00  1.5925E+00 -2.6904E-01  1.0753E-01  4.6517E-01  5.8372E-01  1.5925E+00  1.7000E+00
  7.0000E+00  0.0000E+00  6.0000E+01  9.0000E+01  0.0000E+00  1.0000E+00  0.0000E+00  0.0000E+00  0.0000E+00  0.0000E+00  0.0000E+00  0.0000E+00  0.0000E+00  0.0000E+00
  7.0000E+00  3.0000E+00  6.0000E+01  0.0000E+00  1.0000E+00  0.0000E+00  1.2156E+01  1.2180E+01  1.2443E+00  1.2204E+00  8.9201E-01  8.6621E-01  1.2180E+01  1.3400E+01
  7.0000E+00  6.0000E+00  6.0000E+01  0.0000E+00  1.0000E+00  0.0000E+00  1.1872E+01  1.1299E+01  5.2764E-01  1.1006E+00  6.9552E-01  8.4197E-01  1.1299E+01  1.2400E+01
  7.0000E+00  9.0000E+00  6.0000E+01  0.0000E+00  1.0000E+00  0.0000E+00  1.1294E+01  1.0357E+01  1.4062E+00  2.3431E+00  1.5444E+00  1.9557E+00  1.0357E+01  1.2700E+01
  7.0000E+00  1.2000E+01  6.0000E+01  0.0000E+00  1.0000E+00  0.0000E+00  1.0741E+01  9.4927E+00 -1.9410E+00 -6.9270E-01 -9.0723E-01 -6.3081E-01  9.4927E+00  8.8000E+00
  7.0000E+00  2.4000E+01  6.0000E+01  0.0000E+00  1.0000E+00  0.0000E+00  8.7876E+00  6.6992E+00 -2.6876E+00 -5.9918E-01 -1.2722E+00 -7.7318E-01  6.6992E+00  6.1000E+00
  7.0000E+00  3.6000E+01  6.0000E+01  0.0000E+00  1.0000E+00  0.0000E+00  7.1895E+00  4.7277E+00 -3.6895E+00 -1.2277E+00 -2.2693E+00 -2.2449E+00  4.7277E+00  3.5000E+00
  7.0000E+00  4.8000E+01  6.0000E+01  0.0000E+00  1.0000E+00  0.0000E+00  5.8820E+00  3.3365E+00 -4.0820E+00 -1.5365E+00 -2.9771E+00 -3.9809E+00  3.3365E+00  1.8000E+00
  7.0000E+00  7.2000E+01  6.0000E+01  0.0000E+00  1.0000E+00  0.0000E+00  3.9371E+00  1.6617E+00 -2.4371E+00 -1.6169E-01 -6.2032E-01 -8.4115E-01  1.6617E+00  1.5000E+00
  7.0000E+00  9.6000E+01  6.0000E+01  0.0000E+00  1.0000E+00  0.0000E+00  2.6353E+00  8.2759E-01 -1.6353E+00  1.7241E-01  1.0671E+00  1.8009E+00  8.2759E-01  1.0000E+00
  7.0000E+00  1.2000E+02  6.0000E+01  0.0000E+00  1.0000E+00  1.0000E+00  1.7639E+00  4.1217E-01  0.0000E+00 -4.1217E-01  0.0000E+00 -8.6445E+00  4.1217E-01  0.0000E+00
  8.0000E+00  0.0000E+00  9.0000E+01  1.3500E+02  0.0000E+00  1.0000E+00  0.0000E+00  0.0000E+00  0.0000E+00  0.0000E+00  0.0000E+00  0.0000E+00  0.0000E+00  0.0000E+00
  8.0000E+00  2.0000E+00  9.0000E+01  0.0000E+00  1.0000E+00  0.0000E+00  1.1052E+01  1.4932E+01  6.5480E+00  2.6683E+00  1.7448E+00  1.5448E+00  1.4932E+01  1.7600E+01
  8.0000E+00  3.0000E+00  9.0000E+01  0.0000E+00  1.0000E+00  0.0000E+00  1.2189E+01  1.4975E+01  5.1107E+00  2.3250E+00  1.7716E+00  1.3421E+00  1.4975E+01  1.7300E+01
  8.0000E+00  6.0000E+00  9.0000E+01  0.0000E+00  1.0000E+00  0.0000E+00  1.1962E+01  1.4174E+01  3.0383E+00  8.2644E-01  1.0265E+00  5.0405E-01  1.4174E+01  1.5000E+01
  8.0000E+00  9.0000E+00  9.0000E+01  0.0000E+00  1.0000E+00  0.0000E+00  1.1434E+01  1.3396E+01  3.5661E+00  1.6039E+00  1.6039E+00  1.0350E+00  1.3396E+01  1.5000E+01
  8.0000E+00  1.2000E+01  9.0000E+01  0.0000E+00  1.0000E+00  0.0000E+00  1.0927E+01  1.2661E+01  1.4730E+00 -2.6128E-01  1.5872E-01 -1.7839E-01  1.2661E+01  1.2400E+01
  8.0000E+00  2.4000E+01  9.0000E+01  0.0000E+00  1.0000E+00  0.0000E+00  9.1145E+00  1.0104E+01 -1.2145E+00 -2.2036E+00 -1.8231E+00 -1.8853E+00  1.0104E+01  7.9000E+00
  8.0000E+00  3.6000E+01  9.0000E+01  0.0000E+00  1.0000E+00  0.0000E+00  7.6026E+00  8.0625E+00  2.9740E-01 -1.6252E-01 -3.4077E-03 -1.7426E-01  8.0625E+00  7.9000E+00
  8.0000E+00  4.8000E+01  9.0000E+01  0.0000E+00  1.0000E+00  0.0000E+00  6.3415E+00  6.4338E+00 -1.2415E+00 -1.3338E+00 -1.6332E+00 -1.7921E+00  6.4338E+00  5.1000E+00
  8.0000E+00  7.2000E+01  9.0000E+01  0.0000E+00  1.0000E+00  0.0000E+00  4.4122E+00  4.0970E+00 -8.1216E-01 -4.9695E-01 -7.5054E-01 -1.0486E+00  4.0970E+00  3.6000E+00
  8.0000E+00  9.6000E+01  9.0000E+01  0.0000E+00  1.0000E+00  0.0000E+00  3.0698E+00  2.6089E+00 -6.6981E-01 -2.0888E-01 -2.5002E-01 -6.9213E-01  2.6089E+00  2.4000E+00
  8.0000E+00  1.2000E+02  9.0000E+01  0.0000E+00  1.0000E+00  0.0000E+00  2.1359E+00  1.6613E+00 -1.3585E-01  3.3870E-01  1.7176E+00  1.7624E+00  1.6613E+00  2.0000E+00
  9.0000E+00  0.0000E+00  5.0000E+01  7.5000E+01  0.0000E+00  1.0000E+00  0.0000E+00  0.0000E+00  0.0000E+00  0.0000E+00  0.0000E+00  0.0000E+00  0.0000E+00  0.0000E+00
  9.0000E+00  5.0000E-01  5.0000E+01  0.0000E+00  1.0000E+00  0.0000E+00  0.0000E+00  0.0000E+00  0.0000E+00  0.0000E+00  0.0000E+00  0.0000E+00  0.0000E+00  0.0000E+00
  9.0000E+00  1.0000E+00  5.0000E+01  0.0000E+00  1.0000E+00  0.0000E+00  4.5735E+00  9.7825E-01 -3.5735E+00  2.1745E-02 -3.3577E-03  1.9216E-01  9.7825E-01  1.0000E+00
  9.0000E+00  2.0000E+00  5.0000E+01  0.0000E+00  1.0000E+00  0.0000E+00  1.1030E+01  6.5564E+00 -6.4298E+00 -1.9564E+00 -2.5642E+00 -2.5795E+00  6.5564E+00  4.6000E+00
  9.0000E+00  3.0000E+00  5.0000E+01  0.0000E+00  1.0000E+00  0.0000E+00  1.2139E+01  9.6156E+00  5.6051E-01  3.0844E+00  1.0773E+00  2.7729E+00  9.6156E+00  1.2700E+01
  9.0000E+00  3.0000E+00  5.0000E+01  0.0000E+00  1.0000E+00  0.0000E+00  1.2139E+01  9.6156E+00 -4.1395E+00 -1.6156E+00 -2.2351E+00 -1.4525E+00  9.6156E+00  8.0000E+00
  9.0000E+00  6.0000E+00  5.0000E+01  0.0000E+00  1.0000E+00  0.0000E+00  1.1829E+01  1.2386E+01  8.7061E-01  3.1406E-01  5.4861E-01  2.1919E-01  1.2386E+01  1.2700E+01
  9.0000E+00  6.0000E+00  5.0000E+01  0.0000E+00  1.0000E+00  0.0000E+00  1.1829E+01  1.2386E+01 -3.2939E-01 -8.8594E-01 -3.2089E-01 -6.1833E-01  1.2386E+01  1.1500E+01
  9.0000E+00  9.0000E+00  5.0000E+01  0.0000E+00  1.0000E+00  0.0000E+00  1.1227E+01  1.2245E+01  1.6734E+00  6.5489E-01  1.1828E+00  4.6232E-01  1.2245E+01  1.2900E+01
  9.0000E+00  9.0000E+00  5.0000E+01  0.0000E+00  1.0000E+00  0.0000E+00  1.1227E+01  1.2245E+01  1.7342E-01 -8.4511E-01  3.7440E-02 -5.9661E-01  1.2245E+01  1.1400E+01
  9.0000E+00  1.2000E+01  5.0000E+01  0.0000E+00  1.0000E+00  0.0000E+00  1.0652E+01  1.1603E+01  7.4782E-01 -2.0271E-01  5.1002E-01 -1.5102E-01  1.1603E+01  1.1400E+01
  9.0000E+00  1.2000E+01  5.0000E+01  0.0000E+00  1.0000E+00  0.0000E+00  1.0652E+01  1.1603E+01  3.4782E-01 -6.0271E-01  1.8815E-01 -4.4904E-01  1.1603E+01  1.1000E+01
  9.0000E+00  2.4000E+01  5.0000E+01  0.0000E+00  1.0000E+00  0.0000E+00  8.6338E+00  9.0042E+00  4.6625E-01  9.5771E-02  4.0092E-01  9.1945E-02  9.0042E+00  9.1000E+00
  9.0000E+00  3.6000E+01  5.0000E+01  0.0000E+00  1.0000E+00  0.0000E+00  6.9978E+00  6.9704E+00  1.2022E+00  1.2296E+00  1.4619E+00  1.5250E+00  6.9704E+00  8.2000E+00
  9.0000E+00  4.8000E+01  5.0000E+01  0.0000E+00  1.0000E+00  0.0000E+00  5.6718E+00  5.3959E+00  2.2819E-01  5.0413E-01  4.2972E-01  8.0765E-01  5.3959E+00  5.9000E+00
  9.0000E+00  7.2000E+01  5.0000E+01  0.0000E+00  1.0000E+00  0.0000E+00  3.7260E+00  3.2335E+00 -1.2601E-01  3.6649E-01  7.7990E-02  9.7977E-01  3.2335E+00  3.6000E+00
  9.0000E+00  9.6000E+01  5.0000E+01  0.0000E+00  1.0000E+00  0.0000E+00  2.4477E+00  1.9377E+00 -7.4775E-01 -2.3771E-01 -1.7336E+00 -1.0605E+00  1.9377E+00  1.7000E+00
  9.0000E+00  1.2000E+02  5.0000E+01  0.0000E+00  1.0000E+00  0.0000E+00  1.6080E+00  1.1612E+00 -5.0801E-01 -6.1185E-02 -1.3117E+00 -4.5550E-01  1.1612E+00  1.1000E+00
  1.0000E+01  0.0000E+00  7.0000E+01  1.0500E+02  0.0000E+00  1.0000E+00  0.0000E+00  0.0000E+00  0.0000E+00  0.0000E+00  0.0000E+00  0.0000E+00  0.0000E+00  0.0000E+00
  1.0000E+01  2.4000E+01  7.0000E+01  0.0000E+00  1.0000E+00  0.0000E+00  8.9144E+00  8.8013E+00 -3.1440E-01 -2.0129E-01 -3.6877E-01 -1.9771E-01  8.8013E+00  8.6000E+00
  1.0000E+01  3.6000E+01  7.0000E+01  0.0000E+00  1.0000E+00  0.0000E+00  7.3488E+00  7.5448E+00  6.5124E-01  4.5523E-01  4.9180E-01  5.2158E-01  7.5448E+00  8.0000E+00
  1.0000E+01  4.8000E+01  7.0000E+01  0.0000E+00  1.0000E+00  0.0000E+00  6.0581E+00  6.4676E+00 -5.8096E-02 -4.6764E-01 -5.7053E-01 -6.2504E-01  6.4676E+00  6.0000E+00
  1.0000E+01  7.2000E+01  7.0000E+01  0.0000E+00  1.0000E+00  0.0000E+00  4.1170E+00  4.7528E+00  2.8301E-01 -3.5275E-01 -4.4078E-01 -6.4160E-01  4.7528E+00  4.4000E+00
  1.0000E+01  9.6000E+01  7.0000E+01  0.0000E+00  1.0000E+00  0.0000E+00  2.7978E+00  3.4926E+00  8.0215E-01  1.0744E-01  7.1936E-01  2.6592E-01  3.4926E+00  3.6000E+00
  1.0000E+01  1.2000E+02  7.0000E+01  0.0000E+00  1.0000E+00  0.0000E+00  1.9014E+00  2.5665E+00  8.9862E-01  2.3349E-01  1.4798E+00  7.8643E-01  2.5665E+00  2.8000E+00
  1.2000E+01  0.0000E+00  8.2000E+01  1.2300E+02  0.0000E+00  1.0000E+00  0.0000E+00  0.0000E+00  0.0000E+00  0.0000E+00  0.0000E+00  0.0000E+00  0.0000E+00  0.0000E+00
  1.2000E+01  1.5000E+00  8.2000E+01  0.0000E+00  1.0000E+00  0.0000E+00  9.0890E+00  1.1247E+01  2.3110E+00  1.5320E-01  3.1501E-01  1.1775E-01  1.1247E+01  1.1400E+01
  1.2000E+01  3.0000E+00  8.2000E+01  0.0000E+00  1.0000E+00  0.0000E+00  1.2182E+01  1.4634E+01  3.2182E+00  7.6569E-01  8.5745E-01  4.5230E-01  1.4634E+01  1.5400E+01
  1.2000E+01  6.0000E+00  8.2000E+01  0.0000E+00  1.0000E+00  0.0000E+00  1.1942E+01  1.4235E+01  5.5581E+00  3.2652E+00  2.6768E+00  1.9829E+00  1.4235E+01  1.7500E+01
  1.2000E+01  1.2000E+01  8.2000E+01  0.0000E+00  1.0000E+00  0.0000E+00  1.0886E+01  1.2944E+01  3.1143E+00  1.0557E+00  1.1580E+00  7.0505E-01  1.2944E+01  1.4000E+01
  1.2000E+01  2.4000E+01  8.2000E+01  0.0000E+00  1.0000E+00  0.0000E+00  9.0413E+00  1.0701E+01 -4.1318E-02 -1.7012E+00 -1.2869E+00 -1.3742E+00  1.0701E+01  9.0000E+00
  1.2000E+01  3.6000E+01  8.2000E+01  0.0000E+00  1.0000E+00  0.0000E+00  7.5094E+00  8.8468E+00  1.3906E+00  5.3176E-02  3.9356E-01  5.1960E-02  8.8468E+00  8.9000E+00
  1.2000E+01  4.8000E+01  8.2000E+01  0.0000E+00  1.0000E+00  0.0000E+00  6.2371E+00  7.3138E+00  3.6291E-01 -7.1379E-01 -6.2043E-01 -8.4366E-01  7.3138E+00  6.6000E+00
  1.2000E+01  7.2000E+01  8.2000E+01  0.0000E+00  1.0000E+00  0.0000E+00  4.3026E+00  4.9986E+00 -1.0261E-01 -7.9865E-01 -1.1546E+00 -1.3812E+00  4.9986E+00  4.2000E+00
  1.2000E+01  9.6000E+01  8.2000E+01  0.0000E+00  1.0000E+00  0.0000E+00  2.9681E+00  3.4164E+00  6.3187E-01  1.8365E-01  9.3304E-01  4.6470E-01  3.4164E+00  3.6000E+00
  1.2000E+01  1.2000E+02  8.2000E+01  0.0000E+00  1.0000E+00  0.0000E+00  2.0475E+00  2.3349E+00  5.5246E-01  2.6508E-01  1.4659E+00  9.8139E-01  2.3349E+00  2.6000E+00
  1.3000E+01  0.0000E+00  7.5300E+01  1.1300E+02  0.0000E+00  1.0000E+00  0.0000E+00  0.0000E+00  0.0000E+00  0.0000E+00  0.0000E+00  0.0000E+00  0.0000E+00  0.0000E+00
  1.3000E+01  1.5000E+00  7.5300E+01  0.0000E+00  1.0000E+00  0.0000E+00  9.0916E+00  5.9258E-01 -8.4916E+00  7.4200E-03 -2.3689E+00  1.0824E-01  5.9258E-01  6.0000E-01
  1.3000E+01  6.0000E+00  7.5300E+01  0.0000E+00  1.0000E+00  0.0000E+00  1.1929E+01  1.4242E+01  1.8713E+00 -4.4249E-01  4.8358E-01 -2.6857E-01  1.4242E+01  1.3800E+01
  1.3000E+01  9.0000E+00  7.5300E+01  0.0000E+00  1.0000E+00  0.0000E+00  1.1379E+01  1.3513E+01  3.6212E+00  1.4869E+00  1.8461E+00  9.5119E-01  1.3513E+01  1.5000E+01
  1.3000E+01  2.4000E+01  7.5300E+01  0.0000E+00  1.0000E+00  0.0000E+00  8.9773E+00  1.0326E+01  1.5227E+00  1.7443E-01  5.7037E-01  1.4603E-01  1.0326E+01  1.0500E+01
  1.3000E+01  3.6000E+01  7.5300E+01  0.0000E+00  1.0000E+00  0.0000E+00  7.4265E+00  8.3260E+00  1.6735E+00  7.7401E-01  1.0742E+00  8.0362E-01  8.3260E+00  9.1000E+00
  1.3000E+01  4.8000E+01  7.5300E+01  0.0000E+00  1.0000E+00  0.0000E+00  6.1436E+00  6.7136E+00  4.5639E-01 -1.1364E-01 -1.5442E-01 -1.4632E-01  6.7136E+00  6.6000E+00
  1.3000E+01  7.2000E+01  7.5300E+01  0.0000E+00  1.0000E+00  0.0000E+00  4.2044E+00  4.3652E+00  6.9563E-01  5.3482E-01  8.0067E-01  1.0591E+00  4.3652E+00  4.9000E+00
  1.3000E+01  9.6000E+01  7.5300E+01  0.0000E+00  1.0000E+00  0.0000E+00  2.8773E+00  2.8382E+00 -4.7725E-01 -4.3822E-01 -1.6362E+00 -1.3347E+00  2.8382E+00  2.4000E+00
  1.3000E+01  1.2000E+02  7.5300E+01  0.0000E+00  1.0000E+00  0.0000E+00  1.9690E+00  1.8454E+00 -6.9045E-02  5.4604E-02 -2.2473E-01  2.5579E-01  1.8454E+00  1.9000E+00
  1.4000E+01  0.0000E+00  7.5300E+01  1.1300E+02  0.0000E+00  1.0000E+00  0.0000E+00  0.0000E+00  0.0000E+00  0.0000E+00  0.0000E+00  0.0000E+00  0.0000E+00  0.0000E+00
  1.4000E+01  5.0000E-01  7.5300E+01  0.0000E+00  1.0000E+00  1.0000E+00  0.0000E+00  0.0000E+00  0.0000E+00  0.0000E+00  0.0000E+00  0.0000E+00  0.0000E+00  0.0000E+00
  1.4000E+01  1.5000E+00  7.5300E+01  0.0000E+00  1.0000E+00  0.0000E+00  9.0916E+00  3.5778E+00 -5.4916E+00  2.2192E-02 -1.5985E+00  5.3619E-02  3.5778E+00  3.6000E+00
  1.4000E+01  2.0000E+00  7.5300E+01  0.0000E+00  1.0000E+00  1.0000E+00  1.1051E+01  9.0962E+00  0.0000E+00 -9.0962E+00  0.0000E+00 -8.6445E+00  9.0962E+00  0.0000E+00
  1.4000E+01  3.0000E+00  7.5300E+01  0.0000E+00  1.0000E+00  0.0000E+00  1.2180E+01  1.1687E+01  7.1971E-01  1.2127E+00  1.1650E+00  8.9696E-01  1.1687E+01  1.2900E+01
  1.4000E+01  6.0000E+00  7.5300E+01  0.0000E+00  1.0000E+00  0.0000E+00  1.1929E+01  1.1458E+01  9.7128E-01  1.4421E+00  9.7033E-01  1.0880E+00  1.1458E+01  1.2900E+01
  1.4000E+01  9.0000E+00  7.5300E+01  0.0000E+00  1.0000E+00  0.0000E+00  1.1379E+01  1.0829E+01 -1.1788E+00 -6.2947E-01 -5.7179E-01 -5.0247E-01  1.0829E+01  1.0200E+01
  1.4000E+01  2.4000E+01  7.5300E+01  0.0000E+00  1.0000E+00  0.0000E+00  8.9773E+00  8.1644E+00 -2.5773E+00 -1.7644E+00 -1.8661E+00 -1.8682E+00  8.1644E+00  6.4000E+00
  1.4000E+01  3.6000E+01  7.5300E+01  0.0000E+00  1.0000E+00  0.0000E+00  7.4265E+00  6.5130E+00 -5.2652E-01  3.8701E-01  2.2430E-01  5.1367E-01  6.5130E+00  6.9000E+00
  1.4000E+01  4.8000E+01  7.5300E+01  0.0000E+00  1.0000E+00  0.0000E+00  6.1436E+00  5.1956E+00 -1.6436E+00 -6.9559E-01 -1.1927E+00 -1.1573E+00  5.1956E+00  4.5000E+00
  1.4000E+01  7.2000E+01  7.5300E+01  0.0000E+00  1.0000E+00  0.0000E+00  4.2044E+00  3.3063E+00 -1.0044E+00 -1.0632E-01 -4.1418E-01 -2.7797E-01  3.3063E+00  3.2000E+00
  1.4000E+01  9.6000E+01  7.5300E+01  0.0000E+00  1.0000E+00  0.0000E+00  2.8773E+00  2.1040E+00 -4.7725E-01  2.9596E-01  7.0918E-01  1.2160E+00  2.1040E+00  2.4000E+00
  1.4000E+01  1.2000E+02  7.5300E+01  0.0000E+00  1.0000E+00  0.0000E+00  1.9690E+00  1.3389E+00 -6.6904E-01 -3.8946E-02 -1.7892E-01 -2.5144E-01  1.3389E+00  1.3000E+00
  1.5000E+01  0.0000E+00  5.0000E+01  7.5000E+01  0.0000E+00  1.0000E+00  0.0000E+00  0.0000E+00  0.0000E+00  0.0000E+00  0.0000E+00  0.0000E+00  0.0000E+00  0.0000E+00
  1.5000E+01  5.0000E-01  5.0000E+01  0.0000E+00  1.0000E+00  0.0000E+00  0.0000E+00  0.0000E+00  0.0000E+00  0.0000E+00  0.0000E+00  0.0000E+00  0.0000E+00  0.0000E+00
  1.5000E+01  1.0000E+00  5.0000E+01  0.0000E+00  1.0000E+00  0.0000E+00  4.5735E+00  2.6733E+00 -1.8735E+00  2.6724E-02 -5.3900E-01  8.6418E-02  2.6733E+00  2.7000E+00
  1.5000E+01  2.0000E+00  5.0000E+01  0.0000E+00  1.0000E+00  0.0000E+00  1.1030E+01  1.0972E+01  5.7015E-01  6.2753E-01  6.6999E-01  4.9440E-01  1.0972E+01  1.1600E+01
  1.5000E+01  3.0000E+00  5.0000E+01  0.0000E+00  1.0000E+00  0.0000E+00  1.2139E+01  1.1716E+01 -5.3949E-01 -1.1587E-01 -5.2754E-02 -8.5493E-02  1.1716E+01  1.1600E+01
  1.5000E+01  6.0000E+00  5.0000E+01  0.0000E+00  1.0000E+00  0.0000E+00  1.1829E+01  1.0982E+01 -5.2939E-01  3.1774E-01  1.1325E-01  2.5010E-01  1.0982E+01  1.1300E+01
  1.5000E+01  9.0000E+00  5.0000E+01  0.0000E+00  1.0000E+00  0.0000E+00  1.1227E+01  1.0168E+01 -1.5266E+00 -4.6811E-01 -5.6990E-01 -3.9797E-01  1.0168E+01  9.7000E+00
  1.5000E+01  2.4000E+01  5.0000E+01  0.0000E+00  1.0000E+00  0.0000E+00  8.6338E+00  6.9172E+00 -2.1338E+00 -4.1717E-01 -9.9166E-01 -5.2135E-01  6.9172E+00  6.5000E+00
  1.5000E+01  3.6000E+01  5.0000E+01  0.0000E+00  1.0000E+00  0.0000E+00  6.9978E+00  5.0825E+00 -1.7978E+00  1.1748E-01 -6.0293E-01  1.9981E-01  5.0825E+00  5.2000E+00
  1.5000E+01  4.8000E+01  5.0000E+01  0.0000E+00  1.0000E+00  0.0000E+00  5.6718E+00  3.7345E+00 -2.0718E+00 -1.3448E-01 -1.0171E+00 -3.1130E-01  3.7345E+00  3.6000E+00
  1.5000E+01  7.2000E+01  5.0000E+01  0.0000E+00  1.0000E+00  0.0000E+00  3.7260E+00  2.0162E+00 -1.3260E+00  3.8381E-01  1.3000E-01  1.6456E+00  2.0162E+00  2.4000E+00
  1.5000E+01  9.6000E+01  5.0000E+01  0.0000E+00  1.0000E+00  0.0000E+00  2.4477E+00  1.0885E+00 -1.5477E+00 -1.8851E-01 -1.0156E+00 -1.4971E+00  1.0885E+00  9.0000E-01
  1.5000E+01  1.2000E+02  5.0000E+01  0.0000E+00  1.0000E+00  1.0000E+00  1.6080E+00  5.8767E-01  0.0000E+00 -5.8767E-01  0.0000E+00 -8.6445E+00  5.8767E-01  0.0000E+00
  1.6000E+01  0.0000E+00  5.6700E+01  8.5000E+01  0.0000E+00  1.0000E+00  0.0000E+00  0.0000E+00  0.0000E+00  0.0000E+00  0.0000E+00  0.0000E+00  0.0000E+00  0.0000E+00
  1.6000E+01  1.0000E+00  5.6700E+01  0.0000E+00  1.0000E+00  0.0000E+00  4.5712E+00  6.4541E+00  2.0288E+00  1.4590E-01  4.1151E-01  1.9542E-01  6.4541E+00  6.6000E+00
  1.6000E+01  3.0000E+00  5.6700E+01  0.0000E+00  1.0000E+00  0.0000E+00  1.2144E+01  1.2301E+01 -2.4360E-01 -4.0122E-01 -2.5320E-01 -2.8195E-01  1.2301E+01  1.1900E+01
  1.6000E+01  6.0000E+00  5.6700E+01  0.0000E+00  1.0000E+00  0.0000E+00  1.1852E+01  1.1918E+01 -1.5225E-01 -2.1842E-01 -1.4670E-01 -1.5842E-01  1.1918E+01  1.1700E+01
  1.6000E+01  9.0000E+00  5.6700E+01  0.0000E+00  1.0000E+00  0.0000E+00  1.1267E+01  1.1394E+01  9.3343E-01  8.0575E-01  6.3443E-01  6.1130E-01  1.1394E+01  1.2200E+01
  1.6000E+01  2.4000E+01  5.6700E+01  0.0000E+00  1.0000E+00  0.0000E+00  8.7352E+00  9.0969E+00 -6.3521E-01 -9.9693E-01 -9.2098E-01 -9.4736E-01  9.0969E+00  8.1000E+00
  1.6000E+01  3.6000E+01  5.6700E+01  0.0000E+00  1.0000E+00  0.0000E+00  7.1262E+00  7.5974E+00  2.7379E-01 -1.9735E-01 -1.7078E-01 -2.2455E-01  7.5974E+00  7.4000E+00
  1.6000E+01  4.8000E+01  5.6700E+01  0.0000E+00  1.0000E+00  0.0000E+00  5.8136E+00  6.3450E+00  9.8642E-01  4.5503E-01  7.2575E-01  6.1995E-01  6.3450E+00  6.8000E+00
  1.6000E+01  7.2000E+01  5.6700E+01  0.0000E+00  1.0000E+00  0.0000E+00  3.8691E+00  4.4255E+00  1.4309E+00  8.7448E-01  1.9167E+00  1.7082E+00  4.4255E+00  5.3000E+00
  1.6000E+01  9.6000E+01  5.6700E+01  0.0000E+00  1.0000E+00  0.0000E+00  2.5750E+00  3.0867E+00  4.2497E-01 -8.6729E-02 -2.4790E-01 -2.4289E-01  3.0867E+00  3.0000E+00
  1.6000E+01  1.2000E+02  5.6700E+01  0.0000E+00  1.0000E+00  0.0000E+00  1.7138E+00  2.1529E+00  2.8623E-01 -1.5294E-01 -6.6792E-01 -6.1411E-01  2.1529E+00  2.0000E+00
  1.7000E+01  0.0000E+00  5.8000E+01  8.7000E+01  0.0000E+00  1.0000E+00  0.0000E+00  0.0000E+00  0.0000E+00  0.0000E+00  0.0000E+00  0.0000E+00  0.0000E+00  0.0000E+00
  1.7000E+01  2.4000E+01  5.8000E+01  0.0000E+00  1.0000E+00  0.0000E+00  8.7594E+00  9.8683E+00  1.6406E+00  5.3167E-01  7.5570E-01  4.6574E-01  9.8683E+00  1.0400E+01
  1.7000E+01  3.6000E+01  5.8000E+01  0.0000E+00  1.0000E+00  0.0000E+00  7.1541E+00  8.2073E+00  1.7459E+00  6.9272E-01  1.0360E+00  7.2963E-01  8.2073E+00  8.9000E+00
  1.7000E+01  4.8000E+01  5.8000E+01  0.0000E+00  1.0000E+00  0.0000E+00  5.8431E+00  6.8258E+00  1.1569E+00  1.7418E-01  4.3764E-01  2.2059E-01  6.8258E+00  7.0000E+00
  1.7000E+01  7.2000E+01  5.8000E+01  0.0000E+00  1.0000E+00  0.0000E+00  3.8977E+00  4.7213E+00  5.0229E-01 -3.2135E-01 -5.4274E-01 -5.8837E-01  4.7213E+00  4.4000E+00
  1.7000E+01  9.6000E+01  5.8000E+01  0.0000E+00  1.0000E+00  0.0000E+00  2.6000E+00  3.2657E+00  5.9997E-01 -6.5708E-02 -9.1377E-02 -1.7393E-01  3.2657E+00  3.2000E+00
  1.7000E+01  1.2000E+02  5.8000E+01  0.0000E+00  1.0000E+00  0.0000E+00  1.7344E+00  2.2589E+00  6.6560E-01  1.4114E-01  7.3302E-01  5.4015E-01  2.2589E+00  2.4000E+00
  1.8000E+01  0.0000E+00  7.8000E+01  1.1700E+02  0.0000E+00  1.0000E+00  0.0000E+00  0.0000E+00  0.0000E+00  0.0000E+00  0.0000E+00  0.0000E+00  0.0000E+00  0.0000E+00
  1.8000E+01  2.4000E+01  7.8000E+01  0.0000E+00  1.0000E+00  0.0000E+00  9.0016E+00  8.1589E+00 -1.4016E+00 -5.5890E-01 -8.5287E-01 -5.9217E-01  8.1589E+00  7.6000E+00
  1.8000E+01  3.6000E+01  7.8000E+01  0.0000E+00  1.0000E+00  0.0000E+00  7.4590E+00  6.8503E+00 -1.0590E+00 -4.5028E-01 -7.4161E-01 -5.6822E-01  6.8503E+00  6.4000E+00
  1.8000E+01  4.8000E+01  7.8000E+01  0.0000E+00  1.0000E+00  0.0000E+00  6.1807E+00  5.7515E+00 -1.8072E-01  2.4845E-01  1.9483E-01  3.7342E-01  5.7515E+00  6.0000E+00
  1.8000E+01  7.2000E+01  7.8000E+01  0.0000E+00  1.0000E+00  0.0000E+00  4.2439E+00  4.0545E+00 -2.4386E-01 -5.4502E-02 -1.3430E-01 -1.1620E-01  4.0545E+00  4.0000E+00
  1.8000E+01  9.6000E+01  7.8000E+01  0.0000E+00  1.0000E+00  0.0000E+00  2.9140E+00  2.8582E+00  1.8605E-01  2.4181E-01  7.1735E-01  7.3137E-01  2.8582E+00  3.1000E+00
  1.8000E+01  1.2000E+02  7.8000E+01  0.0000E+00  1.0000E+00  0.0000E+00  2.0008E+00  2.0149E+00 -8.0114E-04 -1.4852E-02  1.7404E-02 -6.3722E-02  2.0149E+00  2.0000E+00
  1.9000E+01  0.0000E+00  7.4700E+01  1.1200E+02  0.0000E+00  1.0000E+00  0.0000E+00  0.0000E+00  0.0000E+00  0.0000E+00  0.0000E+00  0.0000E+00  0.0000E+00  0.0000E+00
  1.9000E+01  2.4000E+01  7.4700E+01  0.0000E+00  1.0000E+00  0.0000E+00  8.9629E+00  8.4058E+00 -1.3629E+00 -8.0578E-01 -7.0540E-01 -8.2867E-01  8.4058E+00  7.6000E+00
  1.9000E+01  3.6000E+01  7.4700E+01  0.0000E+00  1.0000E+00  0.0000E+00  7.4118E+00  6.3839E+00 -8.1179E-01  2.1614E-01 -2.3862E-02  2.9267E-01  6.3839E+00  6.6000E+00
  1.9000E+01  4.8000E+01  7.4700E+01  0.0000E+00  1.0000E+00  0.0000E+00  6.1291E+00  4.8483E+00 -7.2910E-01  5.5170E-01  2.4308E-01  9.8369E-01  4.8483E+00  5.4000E+00
  1.9000E+01  7.2000E+01  7.4700E+01  0.0000E+00  1.0000E+00  0.0000E+00  4.1913E+00  2.7964E+00 -7.9126E-01  6.0359E-01  4.2339E-01  1.8659E+00  2.7964E+00  3.4000E+00
  1.9000E+01  9.6000E+01  7.4700E+01  0.0000E+00  1.0000E+00  0.0000E+00  2.8661E+00  1.6129E+00 -1.6661E+00 -4.1291E-01 -1.9379E+00 -2.2130E+00  1.6129E+00  1.2000E+00
  1.9000E+01  1.2000E+02  7.4700E+01  0.0000E+00  1.0000E+00  0.0000E+00  1.9599E+00  9.3030E-01 -1.0599E+00 -3.0298E-02 -6.8187E-01 -2.8154E-01  9.3030E-01  9.0000E-01
  2.0000E+01  0.0000E+00  6.3700E+01  9.5500E+01  0.0000E+00  1.0000E+00  0.0000E+00  0.0000E+00  0.0000E+00  0.0000E+00  0.0000E+00  0.0000E+00  0.0000E+00  0.0000E+00
  2.0000E+01  2.4000E+01  6.3700E+01  0.0000E+00  1.0000E+00  0.0000E+00  8.8326E+00  6.7821E+00 -2.2326E+00 -1.8213E-01 -8.9053E-01 -2.3214E-01  6.7821E+00  6.6000E+00
  2.0000E+01  3.6000E+01  6.3700E+01  0.0000E+00  1.0000E+00  0.0000E+00  7.2478E+00  5.3294E+00 -1.9478E+00 -2.9377E-02 -6.8491E-01 -4.7652E-02  5.3294E+00  5.3000E+00
  2.0000E+01  4.8000E+01  6.3700E+01  0.0000E+00  1.0000E+00  0.0000E+00  5.9474E+00  4.1878E+00 -2.3474E+00 -5.8781E-01 -1.4042E+00 -1.2134E+00  4.1878E+00  3.6000E+00
  2.0000E+01  7.2000E+01  6.3700E+01  0.0000E+00  1.0000E+00  0.0000E+00  4.0047E+00  2.5859E+00 -1.3047E+00  1.1412E-01 -1.2938E-01  3.8150E-01  2.5859E+00  2.7000E+00
  2.0000E+01  9.6000E+01  6.3700E+01  0.0000E+00  1.0000E+00  0.0000E+00  2.6966E+00  1.5967E+00 -1.2966E+00 -1.9672E-01 -7.3896E-01 -1.0650E+00  1.5967E+00  1.4000E+00
  2.0000E+01  1.2000E+02  6.3700E+01  0.0000E+00  1.0000E+00  0.0000E+00  1.8157E+00  9.8594E-01 -7.1575E-01  1.1406E-01  5.5521E-01  1.0001E+00  9.8594E-01  1.1000E+00
  2.1000E+01  0.0000E+00  5.9000E+01  8.8500E+01  0.0000E+00  1.0000E+00  0.0000E+00  0.0000E+00  0.0000E+00  0.0000E+00  0.0000E+00  0.0000E+00  0.0000E+00  0.0000E+00
  2.1000E+01  2.4000E+01  5.9000E+01  0.0000E+00  1.0000E+00  0.0000E+00  8.7736E+00  9.5936E+00  8.2637E-01  6.4378E-03  2.0611E-01  5.8009E-03  9.5936E+00  9.6000E+00
  2.1000E+01  3.6000E+01  5.9000E+01  0.0000E+00  1.0000E+00  0.0000E+00  7.1720E+00  8.0783E+00  8.2802E-01 -7.8337E-02  1.0732E-01 -8.3828E-02  8.0783E+00  8.0000E+00
  2.1000E+01  4.8000E+01  5.9000E+01  0.0000E+00  1.0000E+00  0.0000E+00  5.8627E+00  6.8024E+00  7.3729E-01 -2.0243E-01 -1.0385E-01 -2.5725E-01  6.8024E+00  6.6000E+00
  2.1000E+01  7.2000E+01  5.9000E+01  0.0000E+00  1.0000E+00  0.0000E+00  3.9176E+00  4.8233E+00  1.6824E+00  7.7666E-01  1.7917E+00  1.3919E+00  4.8233E+00  5.6000E+00
  2.1000E+01  9.6000E+01  5.9000E+01  0.0000E+00  1.0000E+00  0.0000E+00  2.6178E+00  3.4200E+00  8.8220E-01  7.9951E-02  3.5636E-01  2.0208E-01  3.4200E+00  3.5000E+00
  2.1000E+01  1.2000E+02  5.9000E+01  0.0000E+00  1.0000E+00  0.0000E+00  1.7493E+00  2.4250E+00  5.5074E-01 -1.2503E-01 -4.5371E-01 -4.4569E-01  2.4250E+00  2.3000E+00
  2.2000E+01  0.0000E+00  6.2000E+01  9.3000E+01  0.0000E+00  1.0000E+00  0.0000E+00  0.0000E+00  0.0000E+00  0.0000E+00  0.0000E+00  0.0000E+00  0.0000E+00  0.0000E+00
  2.2000E+01  2.4000E+01  6.2000E+01  0.0000E+00  1.0000E+00  0.0000E+00  8.8149E+00  7.3295E+00 -1.5149E+00 -2.9450E-02 -6.4016E-01 -3.4734E-02  7.3295E+00  7.3000E+00
  2.2000E+01  3.6000E+01  6.2000E+01  0.0000E+00  1.0000E+00  0.0000E+00  7.2236E+00  6.0866E+00 -1.1236E+00  1.3444E-02 -3.9119E-01  1.9094E-02  6.0866E+00  6.1000E+00
  2.2000E+01  4.8000E+01  6.2000E+01  0.0000E+00  1.0000E+00  0.0000E+00  5.9196E+00  5.0544E+00 -1.6196E+00 -7.5443E-01 -1.2983E+00 -1.2903E+00  5.0544E+00  4.3000E+00
  2.2000E+01  7.2000E+01  6.2000E+01  0.0000E+00  1.0000E+00  0.0000E+00  3.9753E+00  3.4856E+00 -7.7528E-01 -2.8556E-01 -5.0385E-01 -7.0821E-01  3.4856E+00  3.2000E+00
  2.2000E+01  9.6000E+01  6.2000E+01  0.0000E+00  1.0000E+00  0.0000E+00  2.6696E+00  2.4037E+00 -3.6959E-01 -1.0366E-01 -2.9989E-03 -3.7280E-01  2.4037E+00  2.3000E+00
  2.2000E+01  1.2000E+02  6.2000E+01  0.0000E+00  1.0000E+00  0.0000E+00  1.7928E+00  1.6576E+00  1.0725E-01  2.4242E-01  1.4989E+00  1.2643E+00  1.6576E+00  1.9000E+00
  2.3000E+01  0.0000E+00  5.8000E+01  8.7000E+01  0.0000E+00  1.0000E+00  0.0000E+00  0.0000E+00  0.0000E+00  0.0000E+00  0.0000E+00  0.0000E+00  0.0000E+00  0.0000E+00
  2.3000E+01  2.4000E+01  5.8000E+01  0.0000E+00  1.0000E+00  0.0000E+00  8.7594E+00  9.9053E+00  1.4065E-01 -1.0053E+00 -5.2446E-01 -8.7738E-01  9.9053E+00  8.9000E+00
  2.3000E+01  3.6000E+01  5.8000E+01  0.0000E+00  1.0000E+00  0.0000E+00  7.1541E+00  8.0923E+00  1.2459E+00  3.0774E-01  6.6717E-01  3.2874E-01  8.0923E+00  8.4000E+00
  2.3000E+01  4.8000E+01  5.8000E+01  0.0000E+00  1.0000E+00  0.0000E+00  5.8431E+00  6.6110E+00  2.1569E+00  1.3890E+00  2.1634E+00  1.8162E+00  6.6110E+00  8.0000E+00
  2.3000E+01  7.2000E+01  5.8000E+01  0.0000E+00  1.0000E+00  0.0000E+00  3.8977E+00  4.4124E+00  5.0229E-01 -1.2360E-02 -1.3124E-01 -2.4216E-02  4.4124E+00  4.4000E+00
  2.3000E+01  9.6000E+01  5.8000E+01  0.0000E+00  1.0000E+00  0.0000E+00  2.6000E+00  2.9449E+00  5.9997E-01  2.5509E-01  5.0394E-01  7.4880E-01  2.9449E+00  3.2000E+00
  2.3000E+01  1.2000E+02  5.8000E+01  0.0000E+00  1.0000E+00  0.0000E+00  1.7344E+00  1.9655E+00 -3.4396E-02 -2.6550E-01 -1.5855E+00 -1.1677E+00  1.9655E+00  1.7000E+00
  2.4000E+01  0.0000E+00  7.3300E+01  1.1000E+02  0.0000E+00  1.0000E+00  0.0000E+00  0.0000E+00  0.0000E+00  0.0000E+00  0.0000E+00  0.0000E+00  0.0000E+00  0.0000E+00
  2.4000E+01  2.4000E+01  7.3300E+01  0.0000E+00  1.0000E+00  0.0000E+00  8.9558E+00  9.5260E+00  8.4425E-01  2.7404E-01  3.4885E-01  2.4868E-01  9.5260E+00  9.8000E+00
  2.4000E+01  3.6000E+01  7.3300E+01  0.0000E+00  1.0000E+00  0.0000E+00  7.3992E+00  7.9772E+00  1.0008E+00  4.2279E-01  5.7055E-01  4.5816E-01  7.9772E+00  8.4000E+00
  2.4000E+01  4.8000E+01  7.3300E+01  0.0000E+00  1.0000E+00  0.0000E+00  6.1132E+00  6.6803E+00  4.8682E-01 -8.0259E-02 -3.5308E-02 -1.0386E-01  6.6803E+00  6.6000E+00
  2.4000E+01  7.2000E+01  7.3300E+01  0.0000E+00  1.0000E+00  0.0000E+00  4.1728E+00  4.6847E+00  6.2716E-01  1.1534E-01  2.8645E-01  2.1284E-01  4.6847E+00  4.8000E+00
  2.4000E+01  9.6000E+01  7.3300E+01  0.0000E+00  1.0000E+00  0.0000E+00  2.8484E+00  3.2852E+00  3.5163E-01 -8.5203E-02 -2.0693E-01 -2.2420E-01  3.2852E+00  3.2000E+00
  2.4000E+01  1.2000E+02  7.3300E+01  0.0000E+00  1.0000E+00  0.0000E+00  1.9443E+00  2.3038E+00  4.5571E-01  9.6190E-02  4.0904E-01  3.6093E-01  2.3038E+00  2.4000E+00
  2.5000E+01  0.0000E+00  7.6700E+01  1.1500E+02  0.0000E+00  1.0000E+00  0.0000E+00  0.0000E+00  0.0000E+00  0.0000E+00  0.0000E+00  0.0000E+00  0.0000E+00  0.0000E+00
  2.5000E+01  2.4000E+01  7.6700E+01  0.0000E+00  1.0000E+00  0.0000E+00  8.9842E+00  8.9014E+00 -7.8421E-01 -7.0137E-01 -8.3105E-01 -6.8114E-01  8.9014E+00  8.2000E+00
  2.5000E+01  3.6000E+01  7.6700E+01  0.0000E+00  1.0000E+00  0.0000E+00  7.4387E+00  7.8824E+00  6.1304E-02 -3.8235E-01 -4.3999E-01 -4.1932E-01  7.8824E+00  7.5000E+00
  2.5000E+01  4.8000E+01  7.6700E+01  0.0000E+00  1.0000E+00  0.0000E+00  6.1591E+00  6.9800E+00  6.4095E-01 -1.7999E-01 -1.1227E-01 -2.2291E-01  6.9800E+00  6.8000E+00
  2.5000E+01  7.2000E+01  7.6700E+01  0.0000E+00  1.0000E+00  0.0000E+00  4.2223E+00  5.4733E+00  1.2777E+00  2.6663E-02  4.1508E-01  4.2111E-02  5.4733E+00  5.5000E+00
  2.5000E+01  9.6000E+01  7.6700E+01  0.0000E+00  1.0000E+00  0.0000E+00  2.8946E+00  4.2919E+00  1.6054E+00  2.0810E-01  1.1631E+00  4.1914E-01  4.2919E+00  4.5000E+00
  2.5000E+01  1.2000E+02  7.6700E+01  0.0000E+00  1.0000E+00  0.0000E+00  1.9843E+00  3.3655E+00  1.7157E+00  3.3452E-01  2.1800E+00  8.5924E-01  3.3655E+00  3.7000E+00
  2.6000E+01  0.0000E+00  7.4700E+01  1.1200E+02  0.0000E+00  1.0000E+00  0.0000E+00  0.0000E+00  0.0000E+00  0.0000E+00  0.0000E+00  0.0000E+00  0.0000E+00  0.0000E+00
  2.6000E+01  2.4000E+01  7.4700E+01  0.0000E+00  1.0000E+00  0.0000E+00  8.9629E+00  1.0925E+01  2.0371E+00  7.4672E-02  6.2936E-01  5.9084E-02  1.0925E+01  1.1000E+01
  2.6000E+01  3.6000E+01  7.4700E+01  0.0000E+00  1.0000E+00  0.0000E+00  7.4118E+00  9.1729E+00  2.5882E+00  8.2706E-01  1.3766E+00  7.7941E-01  9.1729E+00  1.0000E+01
  2.6000E+01  4.8000E+01  7.4700E+01  0.0000E+00  1.0000E+00  0.0000E+00  6.1291E+00  7.7016E+00  2.0709E+00  4.9836E-01  9.8557E-01  5.5938E-01  7.7016E+00  8.2000E+00
  2.6000E+01  7.2000E+01  7.4700E+01  0.0000E+00  1.0000E+00  0.0000E+00  4.1913E+00  5.4291E+00  1.8087E+00  5.7085E-01  1.2059E+00  9.0894E-01  5.4291E+00  6.0000E+00
  2.6000E+01  9.6000E+01  7.4700E+01  0.0000E+00  1.0000E+00  0.0000E+00  2.8661E+00  3.8272E+00  8.3390E-01 -1.2719E-01 -4.5156E-01 -2.8729E-01  3.8272E+00  3.7000E+00
  2.6000E+01  1.2000E+02  7.4700E+01  0.0000E+00  1.0000E+00  0.0000E+00  1.9599E+00  2.6979E+00  6.4008E-01 -9.7920E-02 -5.7902E-01 -3.1375E-01  2.6979E+00  2.6000E+00
  2.7000E+01  0.0000E+00  8.0000E+01  1.2000E+02  0.0000E+00  1.0000E+00  0.0000E+00  0.0000E+00  0.0000E+00  0.0000E+00  0.0000E+00  0.0000E+00  0.0000E+00  0.0000E+00
  2.7000E+01  2.4000E+01  8.0000E+01  0.0000E+00  1.0000E+00  0.0000E+00  9.0217E+00  9.9514E+00  9.7828E-01  4.8562E-02  2.3666E-01  4.2184E-02  9.9514E+00  1.0000E+01
  2.7000E+01  3.6000E+01  8.0000E+01  0.0000E+00  1.0000E+00  0.0000E+00  7.4845E+00  8.4320E+00  1.5155E+00  5.6804E-01  8.2655E-01  5.8236E-01  8.4320E+00  9.0000E+00
  2.7000E+01  4.8000E+01  8.0000E+01  0.0000E+00  1.0000E+00  0.0000E+00  6.2093E+00  7.1445E+00  1.0907E+00  1.5551E-01  3.7431E-01  1.8816E-01  7.1445E+00  7.3000E+00
  2.7000E+01  7.2000E+01  8.0000E+01  0.0000E+00  1.0000E+00  0.0000E+00  4.2736E+00  5.1293E+00  9.2641E-01  7.0717E-02  2.5836E-01  1.1918E-01  5.1293E+00  5.2000E+00
  2.7000E+01  9.6000E+01  8.0000E+01  0.0000E+00  1.0000E+00  0.0000E+00  2.9413E+00  3.6825E+00  7.5866E-01  1.7506E-02  1.3154E-01  4.1094E-02  3.6825E+00  3.7000E+00
  2.7000E+01  1.2000E+02  8.0000E+01  0.0000E+00  1.0000E+00  0.0000E+00  2.0244E+00  2.6438E+00  6.7560E-01  5.6207E-02  2.7958E-01  1.8378E-01  2.6438E+00  2.7000E+00
  2.8000E+01  0.0000E+00  8.0000E+01  1.2000E+02  0.0000E+00  1.0000E+00  0.0000E+00  0.0000E+00  0.0000E+00  0.0000E+00  0.0000E+00  0.0000E+00  0.0000E+00  0.0000E+00
  2.8000E+01  2.4000E+01  8.0000E+01  0.0000E+00  1.0000E+00  0.0000E+00  9.0217E+00  1.0542E+01  2.7783E+00  1.2582E+00  1.5640E+00  1.0318E+00  1.0542E+01  1.1800E+01
  2.8000E+01  3.6000E+01  8.0000E+01  0.0000E+00  1.0000E+00  0.0000E+00  7.4845E+00  8.8175E+00  1.7155E+00  3.8247E-01  7.2930E-01  3.7497E-01  8.8175E+00  9.2000E+00
  2.8000E+01  4.8000E+01  8.0000E+01  0.0000E+00  1.0000E+00  0.0000E+00  6.2093E+00  7.3753E+00  1.4907E+00  3.2470E-01  6.6766E-01  3.8057E-01  7.3753E+00  7.7000E+00
  2.8000E+01  7.2000E+01  8.0000E+01  0.0000E+00  1.0000E+00  0.0000E+00  4.2736E+00  5.1600E+00  6.2641E-01 -2.5996E-01 -3.9415E-01 -4.3551E-01  5.1600E+00  4.9000E+00
  2.8000E+01  9.6000E+01  8.0000E+01  0.0000E+00  1.0000E+00  0.0000E+00  2.9413E+00  3.6100E+00  4.5866E-01 -2.1004E-01 -5.4165E-01 -5.0296E-01  3.6100E+00  3.4000E+00
  2.8000E+01  1.2000E+02  8.0000E+01  0.0000E+00  1.0000E+00  0.0000E+00  2.0244E+00  2.5257E+00  6.7560E-01  1.7432E-01  6.7655E-01  5.9664E-01  2.5257E+00  2.7000E+00
  2.9000E+01  0.0000E+00  8.0000E+01  1.2000E+02  0.0000E+00  1.0000E+00  0.0000E+00  0.0000E+00  0.0000E+00  0.0000E+00  0.0000E+00  0.0000E+00  0.0000E+00  0.0000E+00
  2.9000E+01  2.4000E+01  8.0000E+01  0.0000E+00  1.0000E+00  0.0000E+00  9.0217E+00  9.5004E+00  1.0783E+00  5.9960E-01  6.9278E-01  5.4559E-01  9.5004E+00  1.0100E+01
  2.9000E+01  3.6000E+01  8.0000E+01  0.0000E+00  1.0000E+00  0.0000E+00  7.4845E+00  7.8935E+00  5.1545E-01  1.0648E-01  2.0113E-01  1.1661E-01  7.8935E+00  8.0000E+00
  2.9000E+01  4.8000E+01  8.0000E+01  0.0000E+00  1.0000E+00  0.0000E+00  6.2093E+00  6.5584E+00 -2.0928E-01 -5.5843E-01 -7.2573E-01 -7.3605E-01  6.5584E+00  6.0000E+00
  2.9000E+01  7.2000E+01  8.0000E+01  0.0000E+00  1.0000E+00  0.0000E+00  4.2736E+00  4.5275E+00  6.2641E-01  3.7251E-01  6.8776E-01  7.1124E-01  4.5275E+00  4.9000E+00
  2.9000E+01  9.6000E+01  8.0000E+01  0.0000E+00  1.0000E+00  0.0000E+00  2.9413E+00  3.1255E+00  4.5866E-01  2.7453E-01  6.6035E-01  7.5929E-01  3.1255E+00  3.4000E+00
  2.9000E+01  1.2000E+02  8.0000E+01  0.0000E+00  1.0000E+00  0.0000E+00  2.0244E+00  2.1576E+00 -2.4403E-02 -1.5761E-01 -7.5617E-01 -6.3149E-01  2.1576E+00  2.0000E+00
  3.0000E+01  0.0000E+00  1.0200E+02  1.5300E+02  0.0000E+00  1.0000E+00  0.0000E+00  0.0000E+00  0.0000E+00  0.0000E+00  0.0000E+00  0.0000E+00  0.0000E+00  0.0000E+00
  3.0000E+01  2.4000E+01  1.0200E+02  0.0000E+00  1.0000E+00  0.0000E+00  9.2111E+00  8.3518E+00 -9.1111E-01 -5.1766E-02 -3.9266E-01 -5.3581E-02  8.3518E+00  8.3000E+00
  3.0000E+01  3.6000E+01  1.0200E+02  0.0000E+00  1.0000E+00  0.0000E+00  7.7262E+00  7.0333E+00 -7.2625E-01 -3.3316E-02 -3.0428E-01 -4.0948E-02  7.0333E+00  7.0000E+00
  3.0000E+01  4.8000E+01  1.0200E+02  0.0000E+00  1.0000E+00  0.0000E+00  6.4807E+00  5.9230E+00 -8.8075E-01 -3.2300E-01 -6.2070E-01 -4.7142E-01  5.9230E+00  5.6000E+00
  3.0000E+01  7.2000E+01  1.0200E+02  0.0000E+00  1.0000E+00  0.0000E+00  4.5597E+00  4.2005E+00 -4.5972E-01 -1.0054E-01 -2.6617E-01 -2.0692E-01  4.2005E+00  4.1000E+00
  3.0000E+01  9.6000E+01  1.0200E+02  0.0000E+00  1.0000E+00  0.0000E+00  3.2081E+00  2.9790E+00 -1.0812E-01  1.2101E-01  3.0805E-01  3.5115E-01  2.9790E+00  3.1000E+00
  3.0000E+01  1.2000E+02  1.0200E+02  0.0000E+00  1.0000E+00  0.0000E+00  2.2572E+00  2.1127E+00 -5.7168E-02  8.7324E-02  3.5636E-01  3.5731E-01  2.1127E+00  2.2000E+00
  3.1000E+01  0.0000E+00  7.0000E+01  1.0500E+02  0.0000E+00  1.0000E+00  0.0000E+00  0.0000E+00  0.0000E+00  0.0000E+00  0.0000E+00  0.0000E+00  0.0000E+00  0.0000E+00
  3.1000E+01  2.4000E+01  7.0000E+01  0.0000E+00  1.0000E+00  0.0000E+00  8.9144E+00  9.1546E+00  9.8560E-01  7.4541E-01  6.8405E-01  7.0388E-01  9.1546E+00  9.9000E+00
  3.1000E+01  3.6000E+01  7.0000E+01  0.0000E+00  1.0000E+00  0.0000E+00  7.3488E+00  7.6186E+00  1.5124E-01 -1.1861E-01 -1.3937E-01 -1.3458E-01  7.6186E+00  7.5000E+00
  3.1000E+01  4.8000E+01  7.0000E+01  0.0000E+00  1.0000E+00  0.0000E+00  6.0581E+00  6.3403E+00  4.4190E-01  1.5966E-01  2.4944E-01  2.1768E-01  6.3403E+00  6.5000E+00
  3.1000E+01  7.2000E+01  7.0000E+01  0.0000E+00  1.0000E+00  0.0000E+00  4.1170E+00  4.3912E+00 -1.6994E-02 -2.9123E-01 -5.1465E-01 -5.7331E-01  4.3912E+00  4.1000E+00
  3.1000E+01  9.6000E+01  7.0000E+01  0.0000E+00  1.0000E+00  0.0000E+00  2.7978E+00  3.0413E+00  1.0215E-01 -1.4130E-01 -3.0009E-01 -4.0163E-01  3.0413E+00  2.9000E+00
  3.1000E+01  1.2000E+02  7.0000E+01  0.0000E+00  1.0000E+00  0.0000E+00  1.9014E+00  2.1064E+00  3.9862E-01  1.9364E-01  9.3071E-01  7.9470E-01  2.1064E+00  2.3000E+00
  3.2000E+01  0.0000E+00  8.3300E+01  1.2500E+02  0.0000E+00  1.0000E+00  0.0000E+00  0.0000E+00  0.0000E+00  0.0000E+00  0.0000E+00  0.0000E+00  0.0000E+00  0.0000E+00
  3.2000E+01  2.4000E+01  8.3300E+01  0.0000E+00  1.0000E+00  0.0000E+00  9.0574E+00  9.1453E+00  4.4262E-01  3.5474E-01  2.5530E-01  3.3532E-01  9.1453E+00  9.5000E+00
  3.2000E+01  3.6000E+01  8.3300E+01  0.0000E+00  1.0000E+00  0.0000E+00  7.5283E+00  7.7274E+00  2.7175E-01  7.2596E-02  5.4876E-02  8.1213E-02  7.7274E+00  7.8000E+00
  3.2000E+01  4.8000E+01  8.3300E+01  0.0000E+00  1.0000E+00  0.0000E+00  6.2573E+00  6.5294E+00  1.4272E-01 -1.2937E-01 -1.5856E-01 -1.7128E-01  6.5294E+00  6.4000E+00
  3.2000E+01  7.2000E+01  8.3300E+01  0.0000E+00  1.0000E+00  0.0000E+00  4.3228E+00  4.6617E+00  1.7716E-01 -1.6173E-01 -2.3016E-01 -2.9990E-01  4.6617E+00  4.5000E+00
  3.2000E+01  9.6000E+01  8.3300E+01  0.0000E+00  1.0000E+00  0.0000E+00  2.9864E+00  3.3283E+00  4.1357E-01  7.1700E-02  3.1624E-01  1.8623E-01  3.3283E+00  3.4000E+00
  3.2000E+01  1.2000E+02  8.3300E+01  0.0000E+00  1.0000E+00  0.0000E+00  2.0632E+00  2.3763E+00  4.3683E-01  1.2372E-01  6.1408E-01  4.5007E-01  2.3763E+00  2.5000E+00
  3.3000E+01  0.0000E+00  6.2000E+01  9.3000E+01  0.0000E+00  1.0000E+00  0.0000E+00  0.0000E+00  0.0000E+00  0.0000E+00  0.0000E+00  0.0000E+00  0.0000E+00  0.0000E+00
  3.3000E+01  2.4000E+01  6.2000E+01  0.0000E+00  1.0000E+00  0.0000E+00  8.8149E+00  9.0893E+00  8.5141E-02 -1.8929E-01 -2.1394E-01 -1.8002E-01  9.0893E+00  8.9000E+00
  3.3000E+01  3.6000E+01  6.2000E+01  0.0000E+00  1.0000E+00  0.0000E+00  7.2236E+00  7.6968E+00  4.7640E-01  3.2475E-03  4.8976E-02  3.6474E-03  7.6968E+00  7.7000E+00
  3.3000E+01  4.8000E+01  6.2000E+01  0.0000E+00  1.0000E+00  0.0000E+00  5.9196E+00  6.5176E+00  9.8041E-01  3.8244E-01  6.5213E-01  5.0724E-01  6.5176E+00  6.9000E+00
  3.3000E+01  7.2000E+01  6.2000E+01  0.0000E+00  1.0000E+00  0.0000E+00  3.9753E+00  4.6735E+00  4.2472E-01 -2.7348E-01 -3.8279E-01 -5.0586E-01  4.6735E+00  4.4000E+00
  3.3000E+01  9.6000E+01  6.2000E+01  0.0000E+00  1.0000E+00  0.0000E+00  2.6696E+00  3.3512E+00  8.3041E-01  1.4883E-01  6.9330E-01  3.8392E-01  3.3512E+00  3.5000E+00
  3.3000E+01  1.2000E+02  6.2000E+01  0.0000E+00  1.0000E+00  0.0000E+00  1.7928E+00  2.4030E+00  7.0725E-01  9.7011E-02  7.1219E-01  3.4899E-01  2.4030E+00  2.5000E+00
