TABLE NO.  3
 ID          TIME        WT          LOGTWT
  1.0000E+00  0.0000E+00  6.6700E+01 -4.8290E-02
  1.0000E+00  5.0000E-01  6.6700E+01 -4.8290E-02
  1.0000E+00  1.0000E+00  6.6700E+01 -4.8290E-02
  1.0000E+00  2.0000E+00  6.6700E+01 -4.8290E-02
  1.0000E+00  3.0000E+00  6.6700E+01 -4.8290E-02
  1.0000E+00  6.0000E+00  6.6700E+01 -4.8290E-02
  1.0000E+00  9.0000E+00  6.6700E+01 -4.8290E-02
  1.0000E+00  1.2000E+01  6.6700E+01 -4.8290E-02
  1.0000E+00  2.4000E+01  6.6700E+01 -4.8290E-02
  1.0000E+00  3.6000E+01  6.6700E+01 -4.8290E-02
  1.0000E+00  4.8000E+01  6.6700E+01 -4.8290E-02
  1.0000E+00  7.2000E+01  6.6700E+01 -4.8290E-02
  1.0000E+00  9.6000E+01  6.6700E+01 -4.8290E-02
  1.0000E+00  1.2000E+02  6.6700E+01 -4.8290E-02
  2.0000E+00  0.0000E+00  6.6700E+01 -4.8290E-02
  2.0000E+00  2.4000E+01  6.6700E+01 -4.8290E-02
  2.0000E+00  3.6000E+01  6.6700E+01 -4.8290E-02
  2.0000E+00  4.8000E+01  6.6700E+01 -4.8290E-02
  2.0000E+00  7.2000E+01  6.6700E+01 -4.8290E-02
  2.0000E+00  9.6000E+01  6.6700E+01 -4.8290E-02
  2.0000E+00  1.2000E+02  6.6700E+01 -4.8290E-02
  3.0000E+00  0.0000E+00  6.6700E+01 -4.8290E-02
  3.0000E+00  5.0000E-01  6.6700E+01 -4.8290E-02
  3.0000E+00  2.0000E+00  6.6700E+01 -4.8290E-02
  3.0000E+00  3.0000E+00  6.6700E+01 -4.8290E-02
  3.0000E+00  6.0000E+00  6.6700E+01 -4.8290E-02
  3.0000E+00  1.2000E+01  6.6700E+01 -4.8290E-02
  3.0000E+00  2.4000E+01  6.6700E+01 -4.8290E-02
  3.0000E+00  3.6000E+01  6.6700E+01 -4.8290E-02
  3.0000E+00  4.8000E+01  6.6700E+01 -4.8290E-02
  3.0000E+00  7.2000E+01  6.6700E+01 -4.8290E-02
  3.0000E+00  9.6000E+01  6.6700E+01 -4.8290E-02
  3.0000E+00  1.2000E+02  6.6700E+01 -4.8290E-02
  4.0000E+00  0.0000E+00  8.0000E+01  1.3353E-01
  4.0000E+00  3.0000E+00  8.0000E+01  1.3353E-01
  4.0000E+00  6.0000E+00  8.0000E+01  1.3353E-01
  4.0000E+00  9.0000E+00  8.0000E+01  1.3353E-01
  4.0000E+00  2.4000E+01  8.0000E+01  1.3353E-01
  4.0000E+00  3.6000E+01  8.0000E+01  1.3353E-01
  4.0000E+00  4.8000E+01  8.0000E+01  1.3353E-01
  4.0000E+00  7.2000E+01  8.0000E+01  1.3353E-01
  4.0000E+00  9.6000E+01  8.0000E+01  1.3353E-01
  4.0000E+00  1.2000E+02  8.0000E+01  1.3353E-01
  5.0000E+00  0.0000E+00  4.0000E+01 -5.5962E-01
  5.0000E+00  3.0000E+00  4.0000E+01 -5.5962E-01
  5.0000E+00  6.0000E+00  4.0000E+01 -5.5962E-01
  5.0000E+00  9.0000E+00  4.0000E+01 -5.5962E-01
  5.0000E+00  1.2000E+01  4.0000E+01 -5.5962E-01
  5.0000E+00  2.4000E+01  4.0000E+01 -5.5962E-01
  5.0000E+00  3.6000E+01  4.0000E+01 -5.5962E-01
  5.0000E+00  4.8000E+01  4.0000E+01 -5.5962E-01
  5.0000E+00  7.2000E+01  4.0000E+01 -5.5962E-01
  5.0000E+00  9.6000E+01  4.0000E+01 -5.5962E-01
  5.0000E+00  1.2000E+02  4.0000E+01 -5.5962E-01
  6.0000E+00  0.0000E+00  7.5300E+01  7.2985E-02
  6.0000E+00  6.0000E+00  7.5300E+01  7.2985E-02
  6.0000E+00  1.2000E+01  7.5300E+01  7.2985E-02
  6.0000E+00  2.4000E+01  7.5300E+01  7.2985E-02
  6.0000E+00  3.6000E+01  7.5300E+01  7.2985E-02
  6.0000E+00  4.8000E+01  7.5300E+01  7.2985E-02
  6.0000E+00  7.2000E+01  7.5300E+01  7.2985E-02
  6.0000E+00  9.6000E+01  7.5300E+01  7.2985E-02
  6.0000E+00  1.2000E+02  7.5300E+01  7.2985E-02
  7.0000E+00  0.0000E+00  6.0000E+01 -1.5415E-01
  7.0000E+00  3.0000E+00  6.0000E+01 -1.5415E-01
  7.0000E+00  6.0000E+00  6.0000E+01 -1.5415E-01
  7.0000E+00  9.0000E+00  6.0000E+01 -1.5415E-01
  7.0000E+00  1.2000E+01  6.0000E+01 -1.5415E-01
  7.0000E+00  2.4000E+01  6.0000E+01 -1.5415E-01
  7.0000E+00  3.6000E+01  6.0000E+01 -1.5415E-01
  7.0000E+00  4.8000E+01  6.0000E+01 -1.5415E-01
  7.0000E+00  7.2000E+01  6.0000E+01 -1.5415E-01
  7.0000E+00  9.6000E+01  6.0000E+01 -1.5415E-01
  7.0000E+00  1.2000E+02  6.0000E+01 -1.5415E-01
  8.0000E+00  0.0000E+00  9.0000E+01  2.5131E-01
  8.0000E+00  2.0000E+00  9.0000E+01  2.5131E-01
  8.0000E+00  3.0000E+00  9.0000E+01  2.5131E-01
  8.0000E+00  6.0000E+00  9.0000E+01  2.5131E-01
  8.0000E+00  9.0000E+00  9.0000E+01  2.5131E-01
  8.0000E+00  1.2000E+01  9.0000E+01  2.5131E-01
  8.0000E+00  2.4000E+01  9.0000E+01  2.5131E-01
  8.0000E+00  3.6000E+01  9.0000E+01  2.5131E-01
  8.0000E+00  4.8000E+01  9.0000E+01  2.5131E-01
  8.0000E+00  7.2000E+01  9.0000E+01  2.5131E-01
  8.0000E+00  9.6000E+01  9.0000E+01  2.5131E-01
  8.0000E+00  1.2000E+02  9.0000E+01  2.5131E-01
  9.0000E+00  0.0000E+00  5.0000E+01 -3.3647E-01
  9.0000E+00  5.0000E-01  5.0000E+01 -3.3647E-01
  9.0000E+00  1.0000E+00  5.0000E+01 -3.3647E-01
  9.0000E+00  2.0000E+00  5.0000E+01 -3.3647E-01
  9.0000E+00  3.0000E+00  5.0000E+01 -3.3647E-01
  9.0000E+00  3.0000E+00  5.0000E+01 -3.3647E-01
  9.0000E+00  6.0000E+00  5.0000E+01 -3.3647E-01
  9.0000E+00  6.0000E+00  5.0000E+01 -3.3647E-01
  9.0000E+00  9.0000E+00  5.0000E+01 -3.3647E-01
  9.0000E+00  9.0000E+00  5.0000E+01 -3.3647E-01
  9.0000E+00  1.2000E+01  5.0000E+01 -3.3647E-01
  9.0000E+00  1.2000E+01  5.0000E+01 -3.3647E-01
  9.0000E+00  2.4000E+01  5.0000E+01 -3.3647E-01
  9.0000E+00  3.6000E+01  5.0000E+01 -3.3647E-01
  9.0000E+00  4.8000E+01  5.0000E+01 -3.3647E-01
  9.0000E+00  7.2000E+01  5.0000E+01 -3.3647E-01
  9.0000E+00  9.6000E+01  5.0000E+01 -3.3647E-01
  9.0000E+00  1.2000E+02  5.0000E+01 -3.3647E-01
  1.0000E+01  0.0000E+00  7.0000E+01  0.0000E+00
  1.0000E+01  2.4000E+01  7.0000E+01  0.0000E+00
  1.0000E+01  3.6000E+01  7.0000E+01  0.0000E+00
  1.0000E+01  4.8000E+01  7.0000E+01  0.0000E+00
  1.0000E+01  7.2000E+01  7.0000E+01  0.0000E+00
  1.0000E+01  9.6000E+01  7.0000E+01  0.0000E+00
  1.0000E+01  1.2000E+02  7.0000E+01  0.0000E+00
  1.2000E+01  0.0000E+00  8.2000E+01  1.5822E-01
  1.2000E+01  1.5000E+00  8.2000E+01  1.5822E-01
  1.2000E+01  3.0000E+00  8.2000E+01  1.5822E-01
  1.2000E+01  6.0000E+00  8.2000E+01  1.5822E-01
  1.2000E+01  1.2000E+01  8.2000E+01  1.5822E-01
  1.2000E+01  2.4000E+01  8.2000E+01  1.5822E-01
  1.2000E+01  3.6000E+01  8.2000E+01  1.5822E-01
  1.2000E+01  4.8000E+01  8.2000E+01  1.5822E-01
  1.2000E+01  7.2000E+01  8.2000E+01  1.5822E-01
  1.2000E+01  9.6000E+01  8.2000E+01  1.5822E-01
  1.2000E+01  1.2000E+02  8.2000E+01  1.5822E-01
  1.3000E+01  0.0000E+00  7.5300E+01  7.2985E-02
  1.3000E+01  1.5000E+00  7.5300E+01  7.2985E-02
  1.3000E+01  6.0000E+00  7.5300E+01  7.2985E-02
  1.3000E+01  9.0000E+00  7.5300E+01  7.2985E-02
  1.3000E+01  2.4000E+01  7.5300E+01  7.2985E-02
  1.3000E+01  3.6000E+01  7.5300E+01  7.2985E-02
  1.3000E+01  4.8000E+01  7.5300E+01  7.2985E-02
  1.3000E+01  7.2000E+01  7.5300E+01  7.2985E-02
  1.3000E+01  9.6000E+01  7.5300E+01  7.2985E-02
  1.3000E+01  1.2000E+02  7.5300E+01  7.2985E-02
  1.4000E+01  0.0000E+00  7.5300E+01  7.2985E-02
  1.4000E+01  5.0000E-01  7.5300E+01  7.2985E-02
  1.4000E+01  1.5000E+00  7.5300E+01  7.2985E-02
  1.4000E+01  2.0000E+00  7.5300E+01  7.2985E-02
  1.4000E+01  3.0000E+00  7.5300E+01  7.2985E-02
  1.4000E+01  6.0000E+00  7.5300E+01  7.2985E-02
  1.4000E+01  9.0000E+00  7.5300E+01  7.2985E-02
  1.4000E+01  2.4000E+01  7.5300E+01  7.2985E-02
  1.4000E+01  3.6000E+01  7.5300E+01  7.2985E-02
  1.4000E+01  4.8000E+01  7.5300E+01  7.2985E-02
  1.4000E+01  7.2000E+01  7.5300E+01  7.2985E-02
  1.4000E+01  9.6000E+01  7.5300E+01  7.2985E-02
  1.4000E+01  1.2000E+02  7.5300E+01  7.2985E-02
  1.5000E+01  0.0000E+00  5.0000E+01 -3.3647E-01
  1.5000E+01  5.0000E-01  5.0000E+01 -3.3647E-01
  1.5000E+01  1.0000E+00  5.0000E+01 -3.3647E-01
  1.5000E+01  2.0000E+00  5.0000E+01 -3.3647E-01
  1.5000E+01  3.0000E+00  5.0000E+01 -3.3647E-01
  1.5000E+01  6.0000E+00  5.0000E+01 -3.3647E-01
  1.5000E+01  9.0000E+00  5.0000E+01 -3.3647E-01
  1.5000E+01  2.4000E+01  5.0000E+01 -3.3647E-01
  1.5000E+01  3.6000E+01  5.0000E+01 -3.3647E-01
  1.5000E+01  4.8000E+01  5.0000E+01 -3.3647E-01
  1.5000E+01  7.2000E+01  5.0000E+01 -3.3647E-01
  1.5000E+01  9.6000E+01  5.0000E+01 -3.3647E-01
  1.5000E+01  1.2000E+02  5.0000E+01 -3.3647E-01
  1.6000E+01  0.0000E+00  5.6700E+01 -2.1072E-01
  1.6000E+01  1.0000E+00  5.6700E+01 -2.1072E-01
  1.6000E+01  3.0000E+00  5.6700E+01 -2.1072E-01
  1.6000E+01  6.0000E+00  5.6700E+01 -2.1072E-01
  1.6000E+01  9.0000E+00  5.6700E+01 -2.1072E-01
  1.6000E+01  2.4000E+01  5.6700E+01 -2.1072E-01
  1.6000E+01  3.6000E+01  5.6700E+01 -2.1072E-01
  1.6000E+01  4.8000E+01  5.6700E+01 -2.1072E-01
  1.6000E+01  7.2000E+01  5.6700E+01 -2.1072E-01
  1.6000E+01  9.6000E+01  5.6700E+01 -2.1072E-01
  1.6000E+01  1.2000E+02  5.6700E+01 -2.1072E-01
  1.7000E+01  0.0000E+00  5.8000E+01 -1.8805E-01
  1.7000E+01  2.4000E+01  5.8000E+01 -1.8805E-01
  1.7000E+01  3.6000E+01  5.8000E+01 -1.8805E-01
  1.7000E+01  4.8000E+01  5.8000E+01 -1.8805E-01
  1.7000E+01  7.2000E+01  5.8000E+01 -1.8805E-01
  1.7000E+01  9.6000E+01  5.8000E+01 -1.8805E-01
  1.7000E+01  1.2000E+02  5.8000E+01 -1.8805E-01
  1.8000E+01  0.0000E+00  7.8000E+01  1.0821E-01
  1.8000E+01  2.4000E+01  7.8000E+01  1.0821E-01
  1.8000E+01  3.6000E+01  7.8000E+01  1.0821E-01
  1.8000E+01  4.8000E+01  7.8000E+01  1.0821E-01
  1.8000E+01  7.2000E+01  7.8000E+01  1.0821E-01
  1.8000E+01  9.6000E+01  7.8000E+01  1.0821E-01
  1.8000E+01  1.2000E+02  7.8000E+01  1.0821E-01
  1.9000E+01  0.0000E+00  7.4700E+01  6.4985E-02
  1.9000E+01  2.4000E+01  7.4700E+01  6.4985E-02
  1.9000E+01  3.6000E+01  7.4700E+01  6.4985E-02
  1.9000E+01  4.8000E+01  7.4700E+01  6.4985E-02
  1.9000E+01  7.2000E+01  7.4700E+01  6.4985E-02
  1.9000E+01  9.6000E+01  7.4700E+01  6.4985E-02
  1.9000E+01  1.2000E+02  7.4700E+01  6.4985E-02
  2.0000E+01  0.0000E+00  6.3700E+01 -9.4311E-02
  2.0000E+01  2.4000E+01  6.3700E+01 -9.4311E-02
  2.0000E+01  3.6000E+01  6.3700E+01 -9.4311E-02
  2.0000E+01  4.8000E+01  6.3700E+01 -9.4311E-02
  2.0000E+01  7.2000E+01  6.3700E+01 -9.4311E-02
  2.0000E+01  9.6000E+01  6.3700E+01 -9.4311E-02
  2.0000E+01  1.2000E+02  6.3700E+01 -9.4311E-02
  2.1000E+01  0.0000E+00  5.9000E+01 -1.7096E-01
  2.1000E+01  2.4000E+01  5.9000E+01 -1.7096E-01
  2.1000E+01  3.6000E+01  5.9000E+01 -1.7096E-01
  2.1000E+01  4.8000E+01  5.9000E+01 -1.7096E-01
  2.1000E+01  7.2000E+01  5.9000E+01 -1.7096E-01
  2.1000E+01  9.6000E+01  5.9000E+01 -1.7096E-01
  2.1000E+01  1.2000E+02  5.9000E+01 -1.7096E-01
  2.2000E+01  0.0000E+00  6.2000E+01 -1.2136E-01
  2.2000E+01  2.4000E+01  6.2000E+01 -1.2136E-01
  2.2000E+01  3.6000E+01  6.2000E+01 -1.2136E-01
  2.2000E+01  4.8000E+01  6.2000E+01 -1.2136E-01
  2.2000E+01  7.2000E+01  6.2000E+01 -1.2136E-01
  2.2000E+01  9.6000E+01  6.2000E+01 -1.2136E-01
  2.2000E+01  1.2000E+02  6.2000E+01 -1.2136E-01
  2.3000E+01  0.0000E+00  5.8000E+01 -1.8805E-01
  2.3000E+01  2.4000E+01  5.8000E+01 -1.8805E-01
  2.3000E+01  3.6000E+01  5.8000E+01 -1.8805E-01
  2.3000E+01  4.8000E+01  5.8000E+01 -1.8805E-01
  2.3000E+01  7.2000E+01  5.8000E+01 -1.8805E-01
  2.3000E+01  9.6000E+01  5.8000E+01 -1.8805E-01
  2.3000E+01  1.2000E+02  5.8000E+01 -1.8805E-01
  2.4000E+01  0.0000E+00  7.3300E+01  4.6065E-02
  2.4000E+01  2.4000E+01  7.3300E+01  4.6065E-02
  2.4000E+01  3.6000E+01  7.3300E+01  4.6065E-02
  2.4000E+01  4.8000E+01  7.3300E+01  4.6065E-02
  2.4000E+01  7.2000E+01  7.3300E+01  4.6065E-02
  2.4000E+01  9.6000E+01  7.3300E+01  4.6065E-02
  2.4000E+01  1.2000E+02  7.3300E+01  4.6065E-02
  2.5000E+01  0.0000E+00  7.6700E+01  9.1406E-02
  2.5000E+01  2.4000E+01  7.6700E+01  9.1406E-02
  2.5000E+01  3.6000E+01  7.6700E+01  9.1406E-02
  2.5000E+01  4.8000E+01  7.6700E+01  9.1406E-02
  2.5000E+01  7.2000E+01  7.6700E+01  9.1406E-02
  2.5000E+01  9.6000E+01  7.6700E+01  9.1406E-02
  2.5000E+01  1.2000E+02  7.6700E+01  9.1406E-02
  2.6000E+01  0.0000E+00  7.4700E+01  6.4985E-02
  2.6000E+01  2.4000E+01  7.4700E+01  6.4985E-02
  2.6000E+01  3.6000E+01  7.4700E+01  6.4985E-02
  2.6000E+01  4.8000E+01  7.4700E+01  6.4985E-02
  2.6000E+01  7.2000E+01  7.4700E+01  6.4985E-02
  2.6000E+01  9.6000E+01  7.4700E+01  6.4985E-02
  2.6000E+01  1.2000E+02  7.4700E+01  6.4985E-02
  2.7000E+01  0.0000E+00  8.0000E+01  1.3353E-01
  2.7000E+01  2.4000E+01  8.0000E+01  1.3353E-01
  2.7000E+01  3.6000E+01  8.0000E+01  1.3353E-01
  2.7000E+01  4.8000E+01  8.0000E+01  1.3353E-01
  2.7000E+01  7.2000E+01  8.0000E+01  1.3353E-01
  2.7000E+01  9.6000E+01  8.0000E+01  1.3353E-01
  2.7000E+01  1.2000E+02  8.0000E+01  1.3353E-01
  2.8000E+01  0.0000E+00  8.0000E+01  1.3353E-01
  2.8000E+01  2.4000E+01  8.0000E+01  1.3353E-01
  2.8000E+01  3.6000E+01  8.0000E+01  1.3353E-01
  2.8000E+01  4.8000E+01  8.0000E+01  1.3353E-01
  2.8000E+01  7.2000E+01  8.0000E+01  1.3353E-01
  2.8000E+01  9.6000E+01  8.0000E+01  1.3353E-01
  2.8000E+01  1.2000E+02  8.0000E+01  1.3353E-01
  2.9000E+01  0.0000E+00  8.0000E+01  1.3353E-01
  2.9000E+01  2.4000E+01  8.0000E+01  1.3353E-01
  2.9000E+01  3.6000E+01  8.0000E+01  1.3353E-01
  2.9000E+01  4.8000E+01  8.0000E+01  1.3353E-01
  2.9000E+01  7.2000E+01  8.0000E+01  1.3353E-01
  2.9000E+01  9.6000E+01  8.0000E+01  1.3353E-01
  2.9000E+01  1.2000E+02  8.0000E+01  1.3353E-01
  3.0000E+01  0.0000E+00  1.0200E+02  3.7648E-01
  3.0000E+01  2.4000E+01  1.0200E+02  3.7648E-01
  3.0000E+01  3.6000E+01  1.0200E+02  3.7648E-01
  3.0000E+01  4.8000E+01  1.0200E+02  3.7648E-01
  3.0000E+01  7.2000E+01  1.0200E+02  3.7648E-01
  3.0000E+01  9.6000E+01  1.0200E+02  3.7648E-01
  3.0000E+01  1.2000E+02  1.0200E+02  3.7648E-01
  3.1000E+01  0.0000E+00  7.0000E+01  0.0000E+00
  3.1000E+01  2.4000E+01  7.0000E+01  0.0000E+00
  3.1000E+01  3.6000E+01  7.0000E+01  0.0000E+00
  3.1000E+01  4.8000E+01  7.0000E+01  0.0000E+00
  3.1000E+01  7.2000E+01  7.0000E+01  0.0000E+00
  3.1000E+01  9.6000E+01  7.0000E+01  0.0000E+00
  3.1000E+01  1.2000E+02  7.0000E+01  0.0000E+00
  3.2000E+01  0.0000E+00  8.3300E+01  1.7395E-01
  3.2000E+01  2.4000E+01  8.3300E+01  1.7395E-01
  3.2000E+01  3.6000E+01  8.3300E+01  1.7395E-01
  3.2000E+01  4.8000E+01  8.3300E+01  1.7395E-01
  3.2000E+01  7.2000E+01  8.3300E+01  1.7395E-01
  3.2000E+01  9.6000E+01  8.3300E+01  1.7395E-01
  3.2000E+01  1.2000E+02  8.3300E+01  1.7395E-01
  3.3000E+01  0.0000E+00  6.2000E+01 -1.2136E-01
  3.3000E+01  2.4000E+01  6.2000E+01 -1.2136E-01
  3.3000E+01  3.6000E+01  6.2000E+01 -1.2136E-01
  3.3000E+01  4.8000E+01  6.2000E+01 -1.2136E-01
  3.3000E+01  7.2000E+01  6.2000E+01 -1.2136E-01
  3.3000E+01  9.6000E+01  6.2000E+01 -1.2136E-01
  3.3000E+01  1.2000E+02  6.2000E+01 -1.2136E-01
