TABLE NO.  2
 ID          TIME        TLAG        KA          V           CL
  1.0000E+00  0.0000E+00  5.1110E-01  2.9808E-01  7.7744E+00  2.9410E-01
  1.0000E+00  5.0000E-01  5.1110E-01  2.9808E-01  7.7744E+00  2.9410E-01
  1.0000E+00  1.0000E+00  5.1110E-01  2.9808E-01  7.7744E+00  2.9410E-01
  1.0000E+00  2.0000E+00  5.1110E-01  2.9808E-01  7.7744E+00  2.9410E-01
  1.0000E+00  3.0000E+00  5.1110E-01  2.9808E-01  7.7744E+00  2.9410E-01
  1.0000E+00  6.0000E+00  5.1110E-01  2.9808E-01  7.7744E+00  2.9410E-01
  1.0000E+00  9.0000E+00  5.1110E-01  2.9808E-01  7.7744E+00  2.9410E-01
  1.0000E+00  1.2000E+01  5.1110E-01  2.9808E-01  7.7744E+00  2.9410E-01
  1.0000E+00  2.4000E+01  5.1110E-01  2.9808E-01  7.7744E+00  2.9410E-01
  1.0000E+00  3.6000E+01  5.1110E-01  2.9808E-01  7.7744E+00  2.9410E-01
  1.0000E+00  4.8000E+01  5.1110E-01  2.9808E-01  7.7744E+00  2.9410E-01
  1.0000E+00  7.2000E+01  5.1110E-01  2.9808E-01  7.7744E+00  2.9410E-01
  1.0000E+00  9.6000E+01  5.1110E-01  2.9808E-01  7.7744E+00  2.9410E-01
  1.0000E+00  1.2000E+02  5.1110E-01  2.9808E-01  7.7744E+00  2.9410E-01
  2.0000E+00  0.0000E+00  5.1110E-01  7.0462E-01  7.9066E+00  1.1323E-01
  2.0000E+00  2.4000E+01  5.1110E-01  7.0462E-01  7.9066E+00  1.1323E-01
  2.0000E+00  3.6000E+01  5.1110E-01  7.0462E-01  7.9066E+00  1.1323E-01
  2.0000E+00  4.8000E+01  5.1110E-01  7.0462E-01  7.9066E+00  1.1323E-01
  2.0000E+00  7.2000E+01  5.1110E-01  7.0462E-01  7.9066E+00  1.1323E-01
  2.0000E+00  9.6000E+01  5.1110E-01  7.0462E-01  7.9066E+00  1.1323E-01
  2.0000E+00  1.2000E+02  5.1110E-01  7.0462E-01  7.9066E+00  1.1323E-01
  3.0000E+00  0.0000E+00  5.1110E-01  6.7805E-01  8.0122E+00  1.3349E-01
  3.0000E+00  5.0000E-01  5.1110E-01  6.7805E-01  8.0122E+00  1.3349E-01
  3.0000E+00  2.0000E+00  5.1110E-01  6.7805E-01  8.0122E+00  1.3349E-01
  3.0000E+00  3.0000E+00  5.1110E-01  6.7805E-01  8.0122E+00  1.3349E-01
  3.0000E+00  6.0000E+00  5.1110E-01  6.7805E-01  8.0122E+00  1.3349E-01
  3.0000E+00  1.2000E+01  5.1110E-01  6.7805E-01  8.0122E+00  1.3349E-01
  3.0000E+00  2.4000E+01  5.1110E-01  6.7805E-01  8.0122E+00  1.3349E-01
  3.0000E+00  3.6000E+01  5.1110E-01  6.7805E-01  8.0122E+00  1.3349E-01
  3.0000E+00  4.8000E+01  5.1110E-01  6.7805E-01  8.0122E+00  1.3349E-01
  3.0000E+00  7.2000E+01  5.1110E-01  6.7805E-01  8.0122E+00  1.3349E-01
  3.0000E+00  9.6000E+01  5.1110E-01  6.7805E-01  8.0122E+00  1.3349E-01
  3.0000E+00  1.2000E+02  5.1110E-01  6.7805E-01  8.0122E+00  1.3349E-01
  4.0000E+00  0.0000E+00  5.1110E-01  7.2826E-01  8.9576E+00  1.1431E-01
  4.0000E+00  3.0000E+00  5.1110E-01  7.2826E-01  8.9576E+00  1.1431E-01
  4.0000E+00  6.0000E+00  5.1110E-01  7.2826E-01  8.9576E+00  1.1431E-01
  4.0000E+00  9.0000E+00  5.1110E-01  7.2826E-01  8.9576E+00  1.1431E-01
  4.0000E+00  2.4000E+01  5.1110E-01  7.2826E-01  8.9576E+00  1.1431E-01
  4.0000E+00  3.6000E+01  5.1110E-01  7.2826E-01  8.9576E+00  1.1431E-01
  4.0000E+00  4.8000E+01  5.1110E-01  7.2826E-01  8.9576E+00  1.1431E-01
  4.0000E+00  7.2000E+01  5.1110E-01  7.2826E-01  8.9576E+00  1.1431E-01
  4.0000E+00  9.6000E+01  5.1110E-01  7.2826E-01  8.9576E+00  1.1431E-01
  4.0000E+00  1.2000E+02  5.1110E-01  7.2826E-01  8.9576E+00  1.1431E-01
  5.0000E+00  0.0000E+00  5.1110E-01  7.7247E-01  4.9694E+00  7.1953E-02
  5.0000E+00  3.0000E+00  5.1110E-01  7.7247E-01  4.9694E+00  7.1953E-02
  5.0000E+00  6.0000E+00  5.1110E-01  7.7247E-01  4.9694E+00  7.1953E-02
  5.0000E+00  9.0000E+00  5.1110E-01  7.7247E-01  4.9694E+00  7.1953E-02
  5.0000E+00  1.2000E+01  5.1110E-01  7.7247E-01  4.9694E+00  7.1953E-02
  5.0000E+00  2.4000E+01  5.1110E-01  7.7247E-01  4.9694E+00  7.1953E-02
  5.0000E+00  3.6000E+01  5.1110E-01  7.7247E-01  4.9694E+00  7.1953E-02
  5.0000E+00  4.8000E+01  5.1110E-01  7.7247E-01  4.9694E+00  7.1953E-02
  5.0000E+00  7.2000E+01  5.1110E-01  7.7247E-01  4.9694E+00  7.1953E-02
  5.0000E+00  9.6000E+01  5.1110E-01  7.7247E-01  4.9694E+00  7.1953E-02
  5.0000E+00  1.2000E+02  5.1110E-01  7.7247E-01  4.9694E+00  7.1953E-02
  6.0000E+00  0.0000E+00  5.1110E-01  7.2161E-01  1.0416E+01  1.7140E-01
  6.0000E+00  6.0000E+00  5.1110E-01  7.2161E-01  1.0416E+01  1.7140E-01
  6.0000E+00  1.2000E+01  5.1110E-01  7.2161E-01  1.0416E+01  1.7140E-01
  6.0000E+00  2.4000E+01  5.1110E-01  7.2161E-01  1.0416E+01  1.7140E-01
  6.0000E+00  3.6000E+01  5.1110E-01  7.2161E-01  1.0416E+01  1.7140E-01
  6.0000E+00  4.8000E+01  5.1110E-01  7.2161E-01  1.0416E+01  1.7140E-01
  6.0000E+00  7.2000E+01  5.1110E-01  7.2161E-01  1.0416E+01  1.7140E-01
  6.0000E+00  9.6000E+01  5.1110E-01  7.2161E-01  1.0416E+01  1.7140E-01
  6.0000E+00  1.2000E+02  5.1110E-01  7.2161E-01  1.0416E+01  1.7140E-01
  7.0000E+00  0.0000E+00  5.1110E-01  9.6607E-01  6.8496E+00  1.9956E-01
  7.0000E+00  3.0000E+00  5.1110E-01  9.6607E-01  6.8496E+00  1.9956E-01
  7.0000E+00  6.0000E+00  5.1110E-01  9.6607E-01  6.8496E+00  1.9956E-01
  7.0000E+00  9.0000E+00  5.1110E-01  9.6607E-01  6.8496E+00  1.9956E-01
  7.0000E+00  1.2000E+01  5.1110E-01  9.6607E-01  6.8496E+00  1.9956E-01
  7.0000E+00  2.4000E+01  5.1110E-01  9.6607E-01  6.8496E+00  1.9956E-01
  7.0000E+00  3.6000E+01  5.1110E-01  9.6607E-01  6.8496E+00  1.9956E-01
  7.0000E+00  4.8000E+01  5.1110E-01  9.6607E-01  6.8496E+00  1.9956E-01
  7.0000E+00  7.2000E+01  5.1110E-01  9.6607E-01  6.8496E+00  1.9956E-01
  7.0000E+00  9.6000E+01  5.1110E-01  9.6607E-01  6.8496E+00  1.9956E-01
  7.0000E+00  1.2000E+02  5.1110E-01  9.6607E-01  6.8496E+00  1.9956E-01
  8.0000E+00  0.0000E+00  5.1110E-01  1.3971E+00  8.9447E+00  1.6561E-01
  8.0000E+00  2.0000E+00  5.1110E-01  1.3971E+00  8.9447E+00  1.6561E-01
  8.0000E+00  3.0000E+00  5.1110E-01  1.3971E+00  8.9447E+00  1.6561E-01
  8.0000E+00  6.0000E+00  5.1110E-01  1.3971E+00  8.9447E+00  1.6561E-01
  8.0000E+00  9.0000E+00  5.1110E-01  1.3971E+00  8.9447E+00  1.6561E-01
  8.0000E+00  1.2000E+01  5.1110E-01  1.3971E+00  8.9447E+00  1.6561E-01
  8.0000E+00  2.4000E+01  5.1110E-01  1.3971E+00  8.9447E+00  1.6561E-01
  8.0000E+00  3.6000E+01  5.1110E-01  1.3971E+00  8.9447E+00  1.6561E-01
  8.0000E+00  4.8000E+01  5.1110E-01  1.3971E+00  8.9447E+00  1.6561E-01
  8.0000E+00  7.2000E+01  5.1110E-01  1.3971E+00  8.9447E+00  1.6561E-01
  8.0000E+00  9.6000E+01  5.1110E-01  1.3971E+00  8.9447E+00  1.6561E-01
  8.0000E+00  1.2000E+02  5.1110E-01  1.3971E+00  8.9447E+00  1.6561E-01
  9.0000E+00  0.0000E+00  5.1110E-01  3.9766E-01  5.3247E+00  1.1418E-01
  9.0000E+00  5.0000E-01  5.1110E-01  3.9766E-01  5.3247E+00  1.1418E-01
  9.0000E+00  1.0000E+00  5.1110E-01  3.9766E-01  5.3247E+00  1.1418E-01
  9.0000E+00  2.0000E+00  5.1110E-01  3.9766E-01  5.3247E+00  1.1418E-01
  9.0000E+00  3.0000E+00  5.1110E-01  3.9766E-01  5.3247E+00  1.1418E-01
  9.0000E+00  3.0000E+00  5.1110E-01  3.9766E-01  5.3247E+00  1.1418E-01
  9.0000E+00  6.0000E+00  5.1110E-01  3.9766E-01  5.3247E+00  1.1418E-01
  9.0000E+00  6.0000E+00  5.1110E-01  3.9766E-01  5.3247E+00  1.1418E-01
  9.0000E+00  9.0000E+00  5.1110E-01  3.9766E-01  5.3247E+00  1.1418E-01
  9.0000E+00  9.0000E+00  5.1110E-01  3.9766E-01  5.3247E+00  1.1418E-01
  9.0000E+00  1.2000E+01  5.1110E-01  3.9766E-01  5.3247E+00  1.1418E-01
  9.0000E+00  1.2000E+01  5.1110E-01  3.9766E-01  5.3247E+00  1.1418E-01
  9.0000E+00  2.4000E+01  5.1110E-01  3.9766E-01  5.3247E+00  1.1418E-01
  9.0000E+00  3.6000E+01  5.1110E-01  3.9766E-01  5.3247E+00  1.1418E-01
  9.0000E+00  4.8000E+01  5.1110E-01  3.9766E-01  5.3247E+00  1.1418E-01
  9.0000E+00  7.2000E+01  5.1110E-01  3.9766E-01  5.3247E+00  1.1418E-01
  9.0000E+00  9.6000E+01  5.1110E-01  3.9766E-01  5.3247E+00  1.1418E-01
  9.0000E+00  1.2000E+02  5.1110E-01  3.9766E-01  5.3247E+00  1.1418E-01
  1.0000E+01  0.0000E+00  5.1110E-01  7.2052E-01  8.7534E+00  1.1541E-01
  1.0000E+01  2.4000E+01  5.1110E-01  7.2052E-01  8.7534E+00  1.1541E-01
  1.0000E+01  3.6000E+01  5.1110E-01  7.2052E-01  8.7534E+00  1.1541E-01
  1.0000E+01  4.8000E+01  5.1110E-01  7.2052E-01  8.7534E+00  1.1541E-01
  1.0000E+01  7.2000E+01  5.1110E-01  7.2052E-01  8.7534E+00  1.1541E-01
  1.0000E+01  9.6000E+01  5.1110E-01  7.2052E-01  8.7534E+00  1.1541E-01
  1.0000E+01  1.2000E+02  5.1110E-01  7.2052E-01  8.7534E+00  1.1541E-01
  1.2000E+01  0.0000E+00  5.1110E-01  9.5169E-01  8.3717E+00  1.2960E-01
  1.2000E+01  1.5000E+00  5.1110E-01  9.5169E-01  8.3717E+00  1.2960E-01
  1.2000E+01  3.0000E+00  5.1110E-01  9.5169E-01  8.3717E+00  1.2960E-01
  1.2000E+01  6.0000E+00  5.1110E-01  9.5169E-01  8.3717E+00  1.2960E-01
  1.2000E+01  1.2000E+01  5.1110E-01  9.5169E-01  8.3717E+00  1.2960E-01
  1.2000E+01  2.4000E+01  5.1110E-01  9.5169E-01  8.3717E+00  1.2960E-01
  1.2000E+01  3.6000E+01  5.1110E-01  9.5169E-01  8.3717E+00  1.2960E-01
  1.2000E+01  4.8000E+01  5.1110E-01  9.5169E-01  8.3717E+00  1.2960E-01
  1.2000E+01  7.2000E+01  5.1110E-01  9.5169E-01  8.3717E+00  1.2960E-01
  1.2000E+01  9.6000E+01  5.1110E-01  9.5169E-01  8.3717E+00  1.2960E-01
  1.2000E+01  1.2000E+02  5.1110E-01  9.5169E-01  8.3717E+00  1.2960E-01
  1.3000E+01  0.0000E+00  5.1110E-01  4.3455E-01  7.8441E+00  1.3610E-01
  1.3000E+01  1.5000E+00  5.1110E-01  4.3455E-01  7.8441E+00  1.3610E-01
  1.3000E+01  6.0000E+00  5.1110E-01  4.3455E-01  7.8441E+00  1.3610E-01
  1.3000E+01  9.0000E+00  5.1110E-01  4.3455E-01  7.8441E+00  1.3610E-01
  1.3000E+01  2.4000E+01  5.1110E-01  4.3455E-01  7.8441E+00  1.3610E-01
  1.3000E+01  3.6000E+01  5.1110E-01  4.3455E-01  7.8441E+00  1.3610E-01
  1.3000E+01  4.8000E+01  5.1110E-01  4.3455E-01  7.8441E+00  1.3610E-01
  1.3000E+01  7.2000E+01  5.1110E-01  4.3455E-01  7.8441E+00  1.3610E-01
  1.3000E+01  9.6000E+01  5.1110E-01  4.3455E-01  7.8441E+00  1.3610E-01
  1.3000E+01  1.2000E+02  5.1110E-01  4.3455E-01  7.8441E+00  1.3610E-01
  1.4000E+01  0.0000E+00  5.1110E-01  6.4114E-01  8.9678E+00  1.7155E-01
  1.4000E+01  5.0000E-01  5.1110E-01  6.4114E-01  8.9678E+00  1.7155E-01
  1.4000E+01  1.5000E+00  5.1110E-01  6.4114E-01  8.9678E+00  1.7155E-01
  1.4000E+01  2.0000E+00  5.1110E-01  6.4114E-01  8.9678E+00  1.7155E-01
  1.4000E+01  3.0000E+00  5.1110E-01  6.4114E-01  8.9678E+00  1.7155E-01
  1.4000E+01  6.0000E+00  5.1110E-01  6.4114E-01  8.9678E+00  1.7155E-01
  1.4000E+01  9.0000E+00  5.1110E-01  6.4114E-01  8.9678E+00  1.7155E-01
  1.4000E+01  2.4000E+01  5.1110E-01  6.4114E-01  8.9678E+00  1.7155E-01
  1.4000E+01  3.6000E+01  5.1110E-01  6.4114E-01  8.9678E+00  1.7155E-01
  1.4000E+01  4.8000E+01  5.1110E-01  6.4114E-01  8.9678E+00  1.7155E-01
  1.4000E+01  7.2000E+01  5.1110E-01  6.4114E-01  8.9678E+00  1.7155E-01
  1.4000E+01  9.6000E+01  5.1110E-01  6.4114E-01  8.9678E+00  1.7155E-01
  1.4000E+01  1.2000E+02  5.1110E-01  6.4114E-01  8.9678E+00  1.7155E-01
  1.5000E+01  0.0000E+00  5.1110E-01  7.9781E-01  5.7849E+00  1.5388E-01
  1.5000E+01  5.0000E-01  5.1110E-01  7.9781E-01  5.7849E+00  1.5388E-01
  1.5000E+01  1.0000E+00  5.1110E-01  7.9781E-01  5.7849E+00  1.5388E-01
  1.5000E+01  2.0000E+00  5.1110E-01  7.9781E-01  5.7849E+00  1.5388E-01
  1.5000E+01  3.0000E+00  5.1110E-01  7.9781E-01  5.7849E+00  1.5388E-01
  1.5000E+01  6.0000E+00  5.1110E-01  7.9781E-01  5.7849E+00  1.5388E-01
  1.5000E+01  9.0000E+00  5.1110E-01  7.9781E-01  5.7849E+00  1.5388E-01
  1.5000E+01  2.4000E+01  5.1110E-01  7.9781E-01  5.7849E+00  1.5388E-01
  1.5000E+01  3.6000E+01  5.1110E-01  7.9781E-01  5.7849E+00  1.5388E-01
  1.5000E+01  4.8000E+01  5.1110E-01  7.9781E-01  5.7849E+00  1.5388E-01
  1.5000E+01  7.2000E+01  5.1110E-01  7.9781E-01  5.7849E+00  1.5388E-01
  1.5000E+01  9.6000E+01  5.1110E-01  7.9781E-01  5.7849E+00  1.5388E-01
  1.5000E+01  1.2000E+02  5.1110E-01  7.9781E-01  5.7849E+00  1.5388E-01
  1.6000E+01  0.0000E+00  5.1110E-01  7.2412E-01  6.6406E+00  1.0085E-01
  1.6000E+01  1.0000E+00  5.1110E-01  7.2412E-01  6.6406E+00  1.0085E-01
  1.6000E+01  3.0000E+00  5.1110E-01  7.2412E-01  6.6406E+00  1.0085E-01
  1.6000E+01  6.0000E+00  5.1110E-01  7.2412E-01  6.6406E+00  1.0085E-01
  1.6000E+01  9.0000E+00  5.1110E-01  7.2412E-01  6.6406E+00  1.0085E-01
  1.6000E+01  2.4000E+01  5.1110E-01  7.2412E-01  6.6406E+00  1.0085E-01
  1.6000E+01  3.6000E+01  5.1110E-01  7.2412E-01  6.6406E+00  1.0085E-01
  1.6000E+01  4.8000E+01  5.1110E-01  7.2412E-01  6.6406E+00  1.0085E-01
  1.6000E+01  7.2000E+01  5.1110E-01  7.2412E-01  6.6406E+00  1.0085E-01
  1.6000E+01  9.6000E+01  5.1110E-01  7.2412E-01  6.6406E+00  1.0085E-01
  1.6000E+01  1.2000E+02  5.1110E-01  7.2412E-01  6.6406E+00  1.0085E-01
  1.7000E+01  0.0000E+00  5.1110E-01  6.8588E-01  6.5710E+00  9.7899E-02
  1.7000E+01  2.4000E+01  5.1110E-01  6.8588E-01  6.5710E+00  9.7899E-02
  1.7000E+01  3.6000E+01  5.1110E-01  6.8588E-01  6.5710E+00  9.7899E-02
  1.7000E+01  4.8000E+01  5.1110E-01  6.8588E-01  6.5710E+00  9.7899E-02
  1.7000E+01  7.2000E+01  5.1110E-01  6.8588E-01  6.5710E+00  9.7899E-02
  1.7000E+01  9.6000E+01  5.1110E-01  6.8588E-01  6.5710E+00  9.7899E-02
  1.7000E+01  1.2000E+02  5.1110E-01  6.8588E-01  6.5710E+00  9.7899E-02
  1.8000E+01  0.0000E+00  5.1110E-01  7.3591E-01  9.8496E+00  1.4953E-01
  1.8000E+01  2.4000E+01  5.1110E-01  7.3591E-01  9.8496E+00  1.4953E-01
  1.8000E+01  3.6000E+01  5.1110E-01  7.3591E-01  9.8496E+00  1.4953E-01
  1.8000E+01  4.8000E+01  5.1110E-01  7.3591E-01  9.8496E+00  1.4953E-01
  1.8000E+01  7.2000E+01  5.1110E-01  7.3591E-01  9.8496E+00  1.4953E-01
  1.8000E+01  9.6000E+01  5.1110E-01  7.3591E-01  9.8496E+00  1.4953E-01
  1.8000E+01  1.2000E+02  5.1110E-01  7.3591E-01  9.8496E+00  1.4953E-01
  1.9000E+01  0.0000E+00  5.1110E-01  7.0164E-01  8.2686E+00  1.8582E-01
  1.9000E+01  2.4000E+01  5.1110E-01  7.0164E-01  8.2686E+00  1.8582E-01
  1.9000E+01  3.6000E+01  5.1110E-01  7.0164E-01  8.2686E+00  1.8582E-01
  1.9000E+01  4.8000E+01  5.1110E-01  7.0164E-01  8.2686E+00  1.8582E-01
  1.9000E+01  7.2000E+01  5.1110E-01  7.0164E-01  8.2686E+00  1.8582E-01
  1.9000E+01  9.6000E+01  5.1110E-01  7.0164E-01  8.2686E+00  1.8582E-01
  1.9000E+01  1.2000E+02  5.1110E-01  7.0164E-01  8.2686E+00  1.8582E-01
  2.0000E+01  0.0000E+00  5.1110E-01  7.7513E-01  8.1452E+00  1.7224E-01
  2.0000E+01  2.4000E+01  5.1110E-01  7.7513E-01  8.1452E+00  1.7224E-01
  2.0000E+01  3.6000E+01  5.1110E-01  7.7513E-01  8.1452E+00  1.7224E-01
  2.0000E+01  4.8000E+01  5.1110E-01  7.7513E-01  8.1452E+00  1.7224E-01
  2.0000E+01  7.2000E+01  5.1110E-01  7.7513E-01  8.1452E+00  1.7224E-01
  2.0000E+01  9.6000E+01  5.1110E-01  7.7513E-01  8.1452E+00  1.7224E-01
  2.0000E+01  1.2000E+02  5.1110E-01  7.7513E-01  8.1452E+00  1.7224E-01
  2.1000E+01  0.0000E+00  5.1110E-01  6.9711E-01  6.9049E+00  9.7265E-02
  2.1000E+01  2.4000E+01  5.1110E-01  6.9711E-01  6.9049E+00  9.7265E-02
  2.1000E+01  3.6000E+01  5.1110E-01  6.9711E-01  6.9049E+00  9.7265E-02
  2.1000E+01  4.8000E+01  5.1110E-01  6.9711E-01  6.9049E+00  9.7265E-02
  2.1000E+01  7.2000E+01  5.1110E-01  6.9711E-01  6.9049E+00  9.7265E-02
  2.1000E+01  9.6000E+01  5.1110E-01  6.9711E-01  6.9049E+00  9.7265E-02
  2.1000E+01  1.2000E+02  5.1110E-01  6.9711E-01  6.9049E+00  9.7265E-02
  2.2000E+01  0.0000E+00  5.1110E-01  7.5837E-01  8.1718E+00  1.3490E-01
  2.2000E+01  2.4000E+01  5.1110E-01  7.5837E-01  8.1718E+00  1.3490E-01
  2.2000E+01  3.6000E+01  5.1110E-01  7.5837E-01  8.1718E+00  1.3490E-01
  2.2000E+01  4.8000E+01  5.1110E-01  7.5837E-01  8.1718E+00  1.3490E-01
  2.2000E+01  7.2000E+01  5.1110E-01  7.5837E-01  8.1718E+00  1.3490E-01
  2.2000E+01  9.6000E+01  5.1110E-01  7.5837E-01  8.1718E+00  1.3490E-01
  2.2000E+01  1.2000E+02  5.1110E-01  7.5837E-01  8.1718E+00  1.3490E-01
  2.3000E+01  0.0000E+00  5.1110E-01  6.7997E-01  6.4430E+00  1.0377E-01
  2.3000E+01  2.4000E+01  5.1110E-01  6.7997E-01  6.4430E+00  1.0377E-01
  2.3000E+01  3.6000E+01  5.1110E-01  6.7997E-01  6.4430E+00  1.0377E-01
  2.3000E+01  4.8000E+01  5.1110E-01  6.7997E-01  6.4430E+00  1.0377E-01
  2.3000E+01  7.2000E+01  5.1110E-01  6.7997E-01  6.4430E+00  1.0377E-01
  2.3000E+01  9.6000E+01  5.1110E-01  6.7997E-01  6.4430E+00  1.0377E-01
  2.3000E+01  1.2000E+02  5.1110E-01  6.7997E-01  6.4430E+00  1.0377E-01
  2.4000E+01  0.0000E+00  5.1110E-01  6.9954E-01  8.5340E+00  1.2419E-01
  2.4000E+01  2.4000E+01  5.1110E-01  6.9954E-01  8.5340E+00  1.2419E-01
  2.4000E+01  3.6000E+01  5.1110E-01  6.9954E-01  8.5340E+00  1.2419E-01
  2.4000E+01  4.8000E+01  5.1110E-01  6.9954E-01  8.5340E+00  1.2419E-01
  2.4000E+01  7.2000E+01  5.1110E-01  6.9954E-01  8.5340E+00  1.2419E-01
  2.4000E+01  9.6000E+01  5.1110E-01  6.9954E-01  8.5340E+00  1.2419E-01
  2.4000E+01  1.2000E+02  5.1110E-01  6.9954E-01  8.5340E+00  1.2419E-01
  2.5000E+01  0.0000E+00  5.1110E-01  7.1983E-01  9.9027E+00  1.0597E-01
  2.5000E+01  2.4000E+01  5.1110E-01  7.1983E-01  9.9027E+00  1.0597E-01
  2.5000E+01  3.6000E+01  5.1110E-01  7.1983E-01  9.9027E+00  1.0597E-01
  2.5000E+01  4.8000E+01  5.1110E-01  7.1983E-01  9.9027E+00  1.0597E-01
  2.5000E+01  7.2000E+01  5.1110E-01  7.1983E-01  9.9027E+00  1.0597E-01
  2.5000E+01  9.6000E+01  5.1110E-01  7.1983E-01  9.9027E+00  1.0597E-01
  2.5000E+01  1.2000E+02  5.1110E-01  7.1983E-01  9.9027E+00  1.0597E-01
  2.6000E+01  0.0000E+00  5.1110E-01  6.6795E-01  8.0730E+00  1.1022E-01
  2.6000E+01  2.4000E+01  5.1110E-01  6.6795E-01  8.0730E+00  1.1022E-01
  2.6000E+01  3.6000E+01  5.1110E-01  6.6795E-01  8.0730E+00  1.1022E-01
  2.6000E+01  4.8000E+01  5.1110E-01  6.6795E-01  8.0730E+00  1.1022E-01
  2.6000E+01  7.2000E+01  5.1110E-01  6.6795E-01  8.0730E+00  1.1022E-01
  2.6000E+01  9.6000E+01  5.1110E-01  6.6795E-01  8.0730E+00  1.1022E-01
  2.6000E+01  1.2000E+02  5.1110E-01  6.6795E-01  8.0730E+00  1.1022E-01
  2.7000E+01  0.0000E+00  5.1110E-01  6.9324E-01  9.2155E+00  1.2405E-01
  2.7000E+01  2.4000E+01  5.1110E-01  6.9324E-01  9.2155E+00  1.2405E-01
  2.7000E+01  3.6000E+01  5.1110E-01  6.9324E-01  9.2155E+00  1.2405E-01
  2.7000E+01  4.8000E+01  5.1110E-01  6.9324E-01  9.2155E+00  1.2405E-01
  2.7000E+01  7.2000E+01  5.1110E-01  6.9324E-01  9.2155E+00  1.2405E-01
  2.7000E+01  9.6000E+01  5.1110E-01  6.9324E-01  9.2155E+00  1.2405E-01
  2.7000E+01  1.2000E+02  5.1110E-01  6.9324E-01  9.2155E+00  1.2405E-01
  2.8000E+01  0.0000E+00  5.1110E-01  6.7475E-01  8.7570E+00  1.2415E-01
  2.8000E+01  2.4000E+01  5.1110E-01  6.7475E-01  8.7570E+00  1.2415E-01
  2.8000E+01  3.6000E+01  5.1110E-01  6.7475E-01  8.7570E+00  1.2415E-01
  2.8000E+01  4.8000E+01  5.1110E-01  6.7475E-01  8.7570E+00  1.2415E-01
  2.8000E+01  7.2000E+01  5.1110E-01  6.7475E-01  8.7570E+00  1.2415E-01
  2.8000E+01  9.6000E+01  5.1110E-01  6.7475E-01  8.7570E+00  1.2415E-01
  2.8000E+01  1.2000E+02  5.1110E-01  6.7475E-01  8.7570E+00  1.2415E-01
  2.9000E+01  0.0000E+00  5.1110E-01  6.9916E-01  9.2340E+00  1.3978E-01
  2.9000E+01  2.4000E+01  5.1110E-01  6.9916E-01  9.2340E+00  1.3978E-01
  2.9000E+01  3.6000E+01  5.1110E-01  6.9916E-01  9.2340E+00  1.3978E-01
  2.9000E+01  4.8000E+01  5.1110E-01  6.9916E-01  9.2340E+00  1.3978E-01
  2.9000E+01  7.2000E+01  5.1110E-01  6.9916E-01  9.2340E+00  1.3978E-01
  2.9000E+01  9.6000E+01  5.1110E-01  6.9916E-01  9.2340E+00  1.3978E-01
  2.9000E+01  1.2000E+02  5.1110E-01  6.9916E-01  9.2340E+00  1.3978E-01
  3.0000E+01  0.0000E+00  5.1110E-01  7.3399E-01  1.2764E+01  1.8907E-01
  3.0000E+01  2.4000E+01  5.1110E-01  7.3399E-01  1.2764E+01  1.8907E-01
  3.0000E+01  3.6000E+01  5.1110E-01  7.3399E-01  1.2764E+01  1.8907E-01
  3.0000E+01  4.8000E+01  5.1110E-01  7.3399E-01  1.2764E+01  1.8907E-01
  3.0000E+01  7.2000E+01  5.1110E-01  7.3399E-01  1.2764E+01  1.8907E-01
  3.0000E+01  9.6000E+01  5.1110E-01  7.3399E-01  1.2764E+01  1.8907E-01
  3.0000E+01  1.2000E+02  5.1110E-01  7.3399E-01  1.2764E+01  1.8907E-01
  3.1000E+01  0.0000E+00  5.1110E-01  7.0699E-01  8.2645E+00  1.2576E-01
  3.1000E+01  2.4000E+01  5.1110E-01  7.0699E-01  8.2645E+00  1.2576E-01
  3.1000E+01  3.6000E+01  5.1110E-01  7.0699E-01  8.2645E+00  1.2576E-01
  3.1000E+01  4.8000E+01  5.1110E-01  7.0699E-01  8.2645E+00  1.2576E-01
  3.1000E+01  7.2000E+01  5.1110E-01  7.0699E-01  8.2645E+00  1.2576E-01
  3.1000E+01  9.6000E+01  5.1110E-01  7.0699E-01  8.2645E+00  1.2576E-01
  3.1000E+01  1.2000E+02  5.1110E-01  7.0699E-01  8.2645E+00  1.2576E-01
  3.2000E+01  0.0000E+00  5.1110E-01  7.1222E-01  1.0015E+01  1.4107E-01
  3.2000E+01  2.4000E+01  5.1110E-01  7.1222E-01  1.0015E+01  1.4107E-01
  3.2000E+01  3.6000E+01  5.1110E-01  7.1222E-01  1.0015E+01  1.4107E-01
  3.2000E+01  4.8000E+01  5.1110E-01  7.1222E-01  1.0015E+01  1.4107E-01
  3.2000E+01  7.2000E+01  5.1110E-01  7.1222E-01  1.0015E+01  1.4107E-01
  3.2000E+01  9.6000E+01  5.1110E-01  7.1222E-01  1.0015E+01  1.4107E-01
  3.2000E+01  1.2000E+02  5.1110E-01  7.1222E-01  1.0015E+01  1.4107E-01
  3.3000E+01  0.0000E+00  5.1110E-01  7.1086E-01  7.5152E+00  1.0483E-01
  3.3000E+01  2.4000E+01  5.1110E-01  7.1086E-01  7.5152E+00  1.0483E-01
  3.3000E+01  3.6000E+01  5.1110E-01  7.1086E-01  7.5152E+00  1.0483E-01
  3.3000E+01  4.8000E+01  5.1110E-01  7.1086E-01  7.5152E+00  1.0483E-01
  3.3000E+01  7.2000E+01  5.1110E-01  7.1086E-01  7.5152E+00  1.0483E-01
  3.3000E+01  9.6000E+01  5.1110E-01  7.1086E-01  7.5152E+00  1.0483E-01
  3.3000E+01  1.2000E+02  5.1110E-01  7.1086E-01  7.5152E+00  1.0483E-01
