TABLE NO.  1
 ID          TIME        DV          IPRED       Y           IRES        IWRES       DV          PRED        RES         WRES
  1.0000E+00  0.0000E+00  0.0000E+00  0.0000E+00  0.0000E+00  0.0000E+00 -0.0000E+00  0.0000E+00  0.0000E+00  0.0000E+00  0.0000E+00
  1.0000E+00  5.0000E-01  0.0000E+00  0.0000E+00  0.0000E+00  0.0000E+00 -0.0000E+00  0.0000E+00  0.0000E+00  0.0000E+00  0.0000E+00
  1.0000E+00  1.0000E+00  1.9000E+00  1.7639E+00  1.7639E+00  1.3612E-01  4.6464E-01  1.9000E+00  3.7525E+00 -1.8525E+00  6.5618E-03
  1.0000E+00  2.0000E+00  3.3000E+00  4.4988E+00  4.4988E+00 -1.1988E+00 -1.6045E+00  3.3000E+00  8.1604E+00 -4.8604E+00 -1.5680E+00
  1.0000E+00  3.0000E+00  6.6000E+00  6.4104E+00  6.4104E+00  1.8961E-01  1.7810E-01  6.6000E+00  1.0238E+01 -3.6384E+00 -7.3862E-01
  1.0000E+00  6.0000E+00  9.1000E+00  9.1057E+00  9.1057E+00 -5.6599E-03 -3.7426E-03  9.1000E+00  1.1628E+01 -2.5277E+00 -5.7820E-01
  1.0000E+00  9.0000E+00  1.0800E+01  9.5121E+00  9.5121E+00  1.2879E+00  8.1520E-01  1.0800E+01  1.1334E+01 -5.3411E-01  3.5687E-01
  1.0000E+00  1.2000E+01  8.6000E+00  9.0573E+00  9.0573E+00 -4.5732E-01 -3.0402E-01  8.6000E+00  1.0859E+01 -2.2594E+00 -5.5113E-01
  1.0000E+00  2.4000E+01  5.6000E+00  6.0427E+00  6.0427E+00 -4.4272E-01 -4.4114E-01  5.6000E+00  9.0656E+00 -3.4656E+00 -1.2097E+00
  1.0000E+00  3.6000E+01  4.0000E+00  3.8459E+00  3.8459E+00  1.5408E-01  2.4123E-01  4.0000E+00  7.5655E+00 -3.5655E+00 -1.2995E+00
  1.0000E+00  4.8000E+01  2.7000E+00  2.4428E+00  2.4428E+00  2.5719E-01  6.3392E-01  2.7000E+00  6.3136E+00 -3.6136E+00 -1.4135E+00
  1.0000E+00  7.2000E+01  8.0000E-01  9.8535E-01  9.8535E-01 -1.8535E-01 -1.1326E+00  8.0000E-01  4.3970E+00 -3.5970E+00 -1.7720E+00
  1.0000E+00  9.6000E+01  0.0000E+00  3.9746E-01  3.9746E-01 -3.9746E-01 -6.0212E+00  0.0000E+00  3.0622E+00  0.0000E+00  0.0000E+00
  1.0000E+00  1.2000E+02  0.0000E+00  1.6032E-01  1.6032E-01 -1.6032E-01 -6.0215E+00  0.0000E+00  2.1326E+00  0.0000E+00  0.0000E+00
  2.0000E+00  0.0000E+00  0.0000E+00  0.0000E+00  0.0000E+00  0.0000E+00 -0.0000E+00  0.0000E+00  0.0000E+00  0.0000E+00  0.0000E+00
  2.0000E+00  2.4000E+01  9.2000E+00  9.1551E+00  9.1551E+00  4.4939E-02  2.9555E-02  9.2000E+00  8.9975E+00  2.0250E-01  1.5273E-02
  2.0000E+00  3.6000E+01  8.5000E+00  7.7095E+00  7.7095E+00  7.9046E-01  6.1734E-01  8.5000E+00  7.5086E+00  9.9135E-01  6.1383E-01
  2.0000E+00  4.8000E+01  6.4000E+00  6.4923E+00  6.4923E+00 -9.2261E-02 -8.5565E-02  6.4000E+00  6.2662E+00  1.3384E-01 -1.0304E-01
  2.0000E+00  7.2000E+01  4.8000E+00  4.6040E+00  4.6040E+00  1.9605E-01  2.5640E-01  4.8000E+00  4.3640E+00  4.3604E-01  2.3252E-01
  2.0000E+00  9.6000E+01  3.1000E+00  3.2649E+00  3.2649E+00 -1.6487E-01 -3.0405E-01  3.1000E+00  3.0392E+00  6.0789E-02 -3.5324E-01
  2.0000E+00  1.2000E+02  2.5000E+00  2.3153E+00  2.3153E+00  1.8474E-01  4.8044E-01  2.5000E+00  2.1166E+00  3.8339E-01  4.0866E-01
  3.0000E+00  0.0000E+00  0.0000E+00  0.0000E+00  0.0000E+00  0.0000E+00 -0.0000E+00  0.0000E+00  0.0000E+00  0.0000E+00  0.0000E+00
  3.0000E+00  5.0000E-01  0.0000E+00  0.0000E+00  0.0000E+00  0.0000E+00 -0.0000E+00  0.0000E+00  0.0000E+00  0.0000E+00  0.0000E+00
  3.0000E+00  2.0000E+00  8.4000E+00  7.8522E+00  7.8522E+00  5.4784E-01  4.2009E-01  8.4000E+00  8.1604E+00  2.3960E-01  2.6115E-01
  3.0000E+00  3.0000E+00  9.7000E+00  9.9245E+00  9.9245E+00 -2.2450E-01 -1.3620E-01  9.7000E+00  1.0238E+01 -5.3844E-01 -2.2096E-01
  3.0000E+00  6.0000E+00  9.8000E+00  1.1368E+01  1.1368E+01 -1.5678E+00 -8.3041E-01  9.8000E+00  1.1628E+01 -1.8277E+00 -8.5352E-01
  3.0000E+00  1.2000E+01  1.1000E+01  1.0559E+01  1.0559E+01  4.4092E-01  2.5143E-01  1.1000E+01  1.0859E+01  1.4064E-01  1.7989E-01
  3.0000E+00  2.4000E+01  8.3000E+00  8.6499E+00  8.6499E+00 -3.4989E-01 -2.4356E-01  8.3000E+00  9.0656E+00 -7.6557E-01 -3.6369E-01
  3.0000E+00  3.6000E+01  7.7000E+00  7.0824E+00  7.0824E+00  6.1762E-01  5.2507E-01  7.7000E+00  7.5655E+00  1.3454E-01  2.9261E-01
  3.0000E+00  4.8000E+01  6.3000E+00  5.7989E+00  5.7989E+00  5.0107E-01  5.2027E-01  6.3000E+00  6.3136E+00 -1.3569E-02  2.2440E-01
  3.0000E+00  7.2000E+01  4.1000E+00  3.8876E+00  3.8876E+00  2.1237E-01  3.2891E-01  4.1000E+00  4.3970E+00 -2.9698E-01 -3.9198E-02
  3.0000E+00  9.6000E+01  3.0000E+00  2.6063E+00  2.6063E+00  3.9371E-01  9.0956E-01  3.0000E+00  3.0622E+00 -6.2205E-02  3.7050E-01
  3.0000E+00  1.2000E+02  1.4000E+00  1.7473E+00  1.7473E+00 -3.4727E-01 -1.1967E+00  1.4000E+00  2.1326E+00 -7.3262E-01 -1.2487E+00
  4.0000E+00  0.0000E+00  0.0000E+00  0.0000E+00  0.0000E+00  0.0000E+00 -0.0000E+00  0.0000E+00  0.0000E+00  0.0000E+00  0.0000E+00
  4.0000E+00  3.0000E+00  1.2000E+01  1.1589E+01  1.1589E+01  4.1081E-01  2.1343E-01  1.2000E+01  1.0821E+01  1.1787E+00  2.9720E-01
  4.0000E+00  6.0000E+00  1.3200E+01  1.2458E+01  1.2458E+01  7.4226E-01  3.5875E-01  1.3200E+01  1.1659E+01  1.5409E+00  4.8670E-01
  4.0000E+00  9.0000E+00  1.4400E+01  1.2137E+01  1.2137E+01  2.2635E+00  1.1229E+00  1.4400E+01  1.1321E+01  3.0789E+00  1.3138E+00
  4.0000E+00  2.4000E+01  9.6000E+00  1.0038E+01  1.0038E+01 -4.3827E-01 -2.6288E-01  9.6000E+00  9.1391E+00  4.6095E-01 -1.5254E-01
  4.0000E+00  3.6000E+01  8.2000E+00  8.6130E+00  8.6130E+00 -4.1301E-01 -2.8872E-01  8.2000E+00  7.6883E+00  5.1167E-01 -1.8126E-01
  4.0000E+00  4.8000E+01  7.8000E+00  7.3901E+00  7.3901E+00  4.0989E-01  3.3395E-01  7.8000E+00  6.4679E+00  1.3321E+00  5.1237E-01
  4.0000E+00  7.2000E+01  5.8000E+00  5.4406E+00  5.4406E+00  3.5944E-01  3.9779E-01  5.8000E+00  4.5775E+00  1.2225E+00  5.7356E-01
  4.0000E+00  9.6000E+01  4.3000E+00  4.0053E+00  4.0053E+00  2.9469E-01  4.4300E-01  4.3000E+00  3.2396E+00  1.0604E+00  6.0061E-01
  4.0000E+00  1.2000E+02  3.0000E+00  2.9487E+00  2.9487E+00  5.1313E-02  1.0478E-01  3.0000E+00  2.2927E+00  7.0730E-01  1.7300E-01
  5.0000E+00  0.0000E+00  0.0000E+00  0.0000E+00  0.0000E+00  0.0000E+00 -0.0000E+00  0.0000E+00  0.0000E+00  0.0000E+00  0.0000E+00
  5.0000E+00  3.0000E+00  1.1100E+01  1.0569E+01  1.0569E+01  5.3093E-01  3.0246E-01  1.1100E+01  1.0763E+01  3.3713E-01  1.6820E-01
  5.0000E+00  6.0000E+00  1.1900E+01  1.1161E+01  1.1161E+01  7.3884E-01  3.9858E-01  1.1900E+01  1.1512E+01  3.8774E-01  2.2945E-01
  5.0000E+00  9.0000E+00  9.8000E+00  1.0789E+01  1.0789E+01 -9.8933E-01 -5.5211E-01  9.8000E+00  1.1090E+01 -1.2898E+00 -6.7632E-01
  5.0000E+00  1.2000E+01  1.1000E+01  1.0341E+01  1.0341E+01  6.5918E-01  3.8382E-01  1.1000E+01  1.0553E+01  4.4719E-01  2.5352E-01
  5.0000E+00  2.4000E+01  8.5000E+00  8.6925E+00  8.6925E+00 -1.9252E-01 -1.3335E-01  8.5000E+00  8.5942E+00 -9.4190E-02 -1.7425E-01
  5.0000E+00  3.6000E+01  7.6000E+00  7.3061E+00  7.3061E+00  2.9386E-01  2.4218E-01  7.6000E+00  6.9973E+00  6.0267E-01  2.7533E-01
  5.0000E+00  4.8000E+01  5.4000E+00  6.1409E+00  6.1409E+00 -7.4087E-01 -7.2642E-01  5.4000E+00  5.6972E+00 -2.9717E-01 -6.8901E-01
  5.0000E+00  7.2000E+01  4.5000E+00  4.3383E+00  4.3383E+00  1.6175E-01  2.2449E-01  4.5000E+00  3.7767E+00  7.2329E-01  3.9211E-01
  5.0000E+00  9.6000E+01  3.3000E+00  3.0648E+00  3.0648E+00  2.3522E-01  4.6212E-01  3.3000E+00  2.5036E+00  7.9638E-01  7.0195E-01
  5.0000E+00  1.2000E+02  2.3000E+00  2.1651E+00  2.1651E+00  1.3487E-01  3.7507E-01  2.3000E+00  1.6597E+00  6.4033E-01  6.3202E-01
  6.0000E+00  0.0000E+00  0.0000E+00  0.0000E+00  0.0000E+00  0.0000E+00 -0.0000E+00  0.0000E+00  0.0000E+00  0.0000E+00  0.0000E+00
  6.0000E+00  6.0000E+00  8.6000E+00  9.9122E+00  9.9122E+00 -1.3122E+00 -7.9706E-01  8.6000E+00  1.1652E+01 -3.0523E+00 -1.1202E+00
  6.0000E+00  1.2000E+01  8.6000E+00  9.1108E+00  9.1108E+00 -5.1080E-01 -3.3757E-01  8.6000E+00  1.0840E+01 -2.2405E+00 -7.3269E-01
  6.0000E+00  2.4000E+01  7.0000E+00  7.4798E+00  7.4798E+00 -4.7976E-01 -3.8620E-01  7.0000E+00  9.0979E+00 -2.0979E+00 -7.4618E-01
  6.0000E+00  3.6000E+01  5.7000E+00  6.1394E+00  6.1394E+00 -4.3943E-01 -4.3096E-01  5.7000E+00  7.6336E+00 -1.9336E+00 -7.4576E-01
  6.0000E+00  4.8000E+01  4.7000E+00  5.0393E+00  5.0393E+00 -3.3927E-01 -4.0537E-01  4.7000E+00  6.4049E+00 -1.7049E+00 -6.8266E-01
  6.0000E+00  7.2000E+01  3.3000E+00  3.3951E+00  3.3951E+00 -9.5057E-02 -1.6858E-01  3.3000E+00  4.5090E+00 -1.2090E+00 -4.1452E-01
  6.0000E+00  9.6000E+01  2.3000E+00  2.2873E+00  2.2873E+00  1.2682E-02  3.3384E-02  2.3000E+00  3.1744E+00 -8.7436E-01 -1.9016E-01
  6.0000E+00  1.2000E+02  1.7000E+00  1.5410E+00  1.5410E+00  1.5899E-01  6.2121E-01  1.7000E+00  2.2347E+00 -5.3475E-01  2.5143E-01
  7.0000E+00  0.0000E+00  0.0000E+00  0.0000E+00  0.0000E+00  0.0000E+00 -0.0000E+00  0.0000E+00  0.0000E+00  0.0000E+00  0.0000E+00
  7.0000E+00  3.0000E+00  1.3400E+01  1.1667E+01  1.1667E+01  1.7326E+00  8.9411E-01  1.3400E+01  1.0798E+01  2.6018E+00  1.0247E+00
  7.0000E+00  6.0000E+00  1.2400E+01  1.1334E+01  1.1334E+01  1.0659E+00  5.6626E-01  1.2400E+01  1.1601E+01  7.9901E-01  4.6300E-01
  7.0000E+00  9.0000E+00  1.2700E+01  1.0421E+01  1.0421E+01  2.2791E+00  1.3168E+00  1.2700E+01  1.1229E+01  1.4706E+00  1.0155E+00
  7.0000E+00  1.2000E+01  8.8000E+00  9.5507E+00  9.5507E+00 -7.5071E-01 -4.7328E-01  8.8000E+00  1.0738E+01 -1.9384E+00 -7.3280E-01
  7.0000E+00  2.4000E+01  6.1000E+00  6.7329E+00  6.7329E+00 -6.3292E-01 -5.6601E-01  6.1000E+00  8.9203E+00 -2.8203E+00 -1.0984E+00
  7.0000E+00  3.6000E+01  3.5000E+00  4.7464E+00  4.7464E+00 -1.2464E+00 -1.5812E+00  3.5000E+00  7.4082E+00 -3.9082E+00 -1.8662E+00
  7.0000E+00  4.8000E+01  1.8000E+00  3.3460E+00  3.3460E+00 -1.5460E+00 -2.7820E+00  1.8000E+00  6.1524E+00 -4.3524E+00 -2.3948E+00
  7.0000E+00  7.2000E+01  1.5000E+00  1.6628E+00  1.6628E+00 -1.6285E-01 -5.8966E-01  1.5000E+00  4.2434E+00 -2.7434E+00 -8.8073E-01
  7.0000E+00  9.6000E+01  1.0000E+00  8.2637E-01  8.2637E-01  1.7363E-01  1.2651E+00  1.0000E+00  2.9267E+00 -1.9267E+00  2.2988E-01
  7.0000E+00  1.2000E+02  0.0000E+00  4.1068E-01  4.1068E-01 -4.1068E-01 -6.0212E+00  0.0000E+00  2.0186E+00  0.0000E+00  0.0000E+00
  8.0000E+00  0.0000E+00  0.0000E+00  0.0000E+00  0.0000E+00  0.0000E+00 -0.0000E+00  0.0000E+00  0.0000E+00  0.0000E+00  0.0000E+00
  8.0000E+00  2.0000E+00  1.7600E+01  1.3804E+01  1.3804E+01  3.7961E+00  1.6558E+00  1.7600E+01  9.4147E+00  8.1853E+00  2.3435E+00
  8.0000E+00  3.0000E+00  1.7300E+01  1.4238E+01  1.4238E+01  3.0623E+00  1.2951E+00  1.7300E+01  1.0830E+01  6.4698E+00  1.6460E+00
  8.0000E+00  6.0000E+00  1.5000E+01  1.3684E+01  1.3684E+01  1.3162E+00  5.7916E-01  1.5000E+01  1.1682E+01  3.3182E+00  9.1773E-01
  8.0000E+00  9.0000E+00  1.5000E+01  1.2948E+01  1.2948E+01  2.0523E+00  9.5438E-01  1.5000E+01  1.1357E+01  3.6430E+00  1.4244E+00
  8.0000E+00  1.2000E+01  1.2400E+01  1.2248E+01  1.2248E+01  1.5179E-01  7.4617E-02  1.2400E+01  1.0909E+01  1.4911E+00  4.1178E-01
  8.0000E+00  2.4000E+01  7.9000E+00  9.8081E+00  9.8081E+00 -1.9081E+00 -1.1714E+00  7.9000E+00  9.2256E+00 -1.3256E+00 -1.0664E+00
  8.0000E+00  3.6000E+01  7.9000E+00  7.8541E+00  7.8541E+00  4.5926E-02  3.5208E-02  7.9000E+00  7.8002E+00  9.9814E-02  8.2627E-02
  8.0000E+00  4.8000E+01  5.1000E+00  6.2894E+00  6.2894E+00 -1.1894E+00 -1.1386E+00  5.1000E+00  6.5950E+00 -1.4950E+00 -1.1092E+00
  8.0000E+00  7.2000E+01  3.6000E+00  4.0330E+00  4.0330E+00 -4.3300E-01 -6.4645E-01  3.6000E+00  4.7145E+00 -1.1145E+00 -6.5452E-01
  8.0000E+00  9.6000E+01  2.4000E+00  2.5861E+00  2.5861E+00 -1.8613E-01 -4.3336E-01  2.4000E+00  3.3702E+00 -9.7016E-01 -4.1566E-01
  8.0000E+00  1.2000E+02  2.0000E+00  1.6583E+00  1.6583E+00  3.4166E-01  1.2405E+00  2.0000E+00  2.4092E+00 -4.0918E-01  7.6720E-01
  9.0000E+00  0.0000E+00  0.0000E+00  0.0000E+00  0.0000E+00  0.0000E+00 -0.0000E+00  0.0000E+00  0.0000E+00  0.0000E+00  0.0000E+00
  9.0000E+00  5.0000E-01  0.0000E+00  0.0000E+00  0.0000E+00  0.0000E+00 -0.0000E+00  0.0000E+00  0.0000E+00  0.0000E+00  0.0000E+00
  9.0000E+00  1.0000E+00  1.0000E+00  2.5257E+00  2.5257E+00 -1.5257E+00 -3.6372E+00  1.0000E+00  3.7533E+00 -2.7533E+00 -1.9011E+00
  9.0000E+00  2.0000E+00  4.6000E+00  6.2174E+00  6.2174E+00 -1.6174E+00 -1.5663E+00  4.6000E+00  8.1564E+00 -3.5564E+00 -1.3833E+00
  9.0000E+00  3.0000E+00  1.2700E+01  8.6019E+00  8.6019E+00  4.0981E+00  2.8686E+00  1.2700E+01  1.0225E+01  2.4748E+00  2.0298E+00
  9.0000E+00  3.0000E+00  8.0000E+00  8.6019E+00  8.6019E+00 -6.0189E-01 -4.2131E-01  8.0000E+00  1.0225E+01 -2.2252E+00 -6.7868E-01
  9.0000E+00  6.0000E+00  1.2700E+01  1.1561E+01  1.1561E+01  1.1391E+00  5.9327E-01  1.2700E+01  1.1579E+01  1.1211E+00  5.2203E-01
  9.0000E+00  6.0000E+00  1.1500E+01  1.1561E+01  1.1561E+01 -6.0879E-02 -3.1707E-02  1.1500E+01  1.1579E+01 -7.8897E-02 -9.8517E-02
  9.0000E+00  9.0000E+00  1.2900E+01  1.1901E+01  1.1901E+01  9.9936E-01  5.0562E-01  1.2900E+01  1.1250E+01  1.6503E+00  6.8088E-01
  9.0000E+00  9.0000E+00  1.1400E+01  1.1901E+01  1.1901E+01 -5.0064E-01 -2.5330E-01  1.1400E+01  1.1250E+01  1.5026E-01 -1.1807E-01
  9.0000E+00  1.2000E+01  1.1400E+01  1.1481E+01  1.1481E+01 -8.0702E-02 -4.2324E-02  1.1400E+01  1.0742E+01  6.5758E-01  1.6008E-01
  9.0000E+00  1.2000E+01  1.1000E+01  1.1481E+01  1.1481E+01 -4.8070E-01 -2.5211E-01  1.1000E+01  1.0742E+01  2.5758E-01 -6.3023E-02
  9.0000E+00  2.4000E+01  9.1000E+00  8.9935E+00  8.9935E+00  1.0652E-01  7.1317E-02  9.1000E+00  8.8476E+00  2.5239E-01  6.9133E-02
  9.0000E+00  3.6000E+01  8.2000E+00  6.9540E+00  6.9540E+00  1.2460E+00  1.0788E+00  8.2000E+00  7.2845E+00  9.1554E-01  7.8537E-01
  9.0000E+00  4.8000E+01  5.9000E+00  5.3763E+00  5.3763E+00  5.2374E-01  5.8656E-01  5.9000E+00  5.9975E+00 -9.7473E-02  1.0417E-01
  9.0000E+00  7.2000E+01  3.6000E+00  3.2134E+00  3.2134E+00  3.8656E-01  7.2431E-01  3.6000E+00  4.0655E+00 -4.6547E-01 -7.5297E-02
  9.0000E+00  9.6000E+01  1.7000E+00  1.9207E+00  1.9207E+00 -2.2070E-01 -6.9187E-01  1.7000E+00  2.7558E+00 -1.0558E+00 -1.1210E+00
  9.0000E+00  1.2000E+02  1.1000E+00  1.1480E+00  1.1480E+00 -4.8022E-02 -2.5186E-01  1.1000E+00  1.8681E+00 -7.6808E-01 -7.3508E-01
  1.0000E+01  0.0000E+00  0.0000E+00  0.0000E+00  0.0000E+00  0.0000E+00 -0.0000E+00  0.0000E+00  0.0000E+00  0.0000E+00  0.0000E+00
  1.0000E+01  2.4000E+01  8.6000E+00  8.9046E+00  8.9046E+00 -3.0464E-01 -2.0599E-01  8.6000E+00  9.0388E+00 -4.3880E-01 -3.0065E-01
  1.0000E+01  3.6000E+01  8.0000E+00  7.6016E+00  7.6016E+00  3.9837E-01  3.1554E-01  8.0000E+00  7.5595E+00  4.4049E-01  2.7547E-01
  1.0000E+01  4.8000E+01  6.0000E+00  6.4893E+00  6.4893E+00 -4.8929E-01 -4.5399E-01  6.0000E+00  6.3223E+00 -3.2231E-01 -4.4539E-01
  1.0000E+01  7.2000E+01  4.4000E+00  4.7291E+00  4.7291E+00 -3.2910E-01 -4.1901E-01  4.4000E+00  4.4222E+00 -2.2229E-02 -3.4241E-01
  1.0000E+01  9.6000E+01  3.6000E+00  3.4463E+00  3.4463E+00  1.5365E-01  2.6844E-01  3.6000E+00  3.0932E+00  5.0681E-01  4.1673E-01
  1.0000E+01  1.2000E+02  2.8000E+00  2.5115E+00  2.5115E+00  2.8846E-01  6.9155E-01  2.8000E+00  2.1636E+00  6.3643E-01  8.8650E-01
  1.2000E+01  0.0000E+00  0.0000E+00  0.0000E+00  0.0000E+00  0.0000E+00 -0.0000E+00  0.0000E+00  0.0000E+00  0.0000E+00  0.0000E+00
  1.2000E+01  1.5000E+00  1.1400E+01  1.1009E+01  1.1009E+01  3.9058E-01  2.1361E-01  1.1400E+01  8.1699E+00  3.2301E+00  5.0904E-01
  1.2000E+01  3.0000E+00  1.5400E+01  1.3398E+01  1.3398E+01  2.0021E+00  8.9976E-01  1.5400E+01  1.0823E+01  4.5768E+00  1.3453E+00
  1.2000E+01  6.0000E+00  1.7500E+01  1.3561E+01  1.3561E+01  3.9390E+00  1.7489E+00  1.7500E+01  1.1664E+01  5.8361E+00  2.3067E+00
  1.2000E+01  1.2000E+01  1.4000E+01  1.2403E+01  1.2403E+01  1.5970E+00  7.7529E-01  1.4000E+01  1.0871E+01  3.1290E+00  1.1749E+00
  1.2000E+01  2.4000E+01  9.0000E+00  1.0300E+01  1.0300E+01 -1.3003E+00 -7.6011E-01  9.0000E+00  9.1573E+00 -1.5735E-01 -6.1065E-01
  1.2000E+01  3.6000E+01  8.9000E+00  8.5540E+00  8.5540E+00  3.4597E-01  2.4353E-01  8.9000E+00  7.7119E+00  1.1881E+00  4.5864E-01
  1.2000E+01  4.8000E+01  6.6000E+00  7.1038E+00  7.1038E+00 -5.0379E-01 -4.2701E-01  6.6000E+00  6.4946E+00  1.0536E-01 -3.0783E-01
  1.2000E+01  7.2000E+01  4.2000E+00  4.8993E+00  4.8993E+00 -6.9925E-01 -8.5937E-01  4.2000E+00  4.6062E+00 -4.0618E-01 -7.8874E-01
  1.2000E+01  9.6000E+01  3.6000E+00  3.3789E+00  3.3789E+00  2.2115E-01  3.9409E-01  3.6000E+00  3.2668E+00  3.3317E-01  4.4390E-01
  1.2000E+01  1.2000E+02  2.6000E+00  2.3303E+00  2.3303E+00  2.6972E-01  6.9692E-01  2.6000E+00  2.3169E+00  2.8307E-01  6.7485E-01
  1.3000E+01  0.0000E+00  0.0000E+00  0.0000E+00  0.0000E+00  0.0000E+00 -0.0000E+00  0.0000E+00  0.0000E+00  0.0000E+00  0.0000E+00
  1.3000E+01  1.5000E+00  6.0000E-01  6.8004E+00  6.8004E+00 -6.2004E+00 -5.4899E+00  6.0000E-01  8.1713E+00 -7.5713E+00 -2.9044E+00
  1.3000E+01  6.0000E+00  1.3800E+01  1.2415E+01  1.2415E+01  1.3850E+00  6.7171E-01  1.3800E+01  1.1652E+01  2.1477E+00  1.0518E+00
  1.3000E+01  9.0000E+00  1.5000E+01  1.2535E+01  1.2535E+01  2.4649E+00  1.1840E+00  1.5000E+01  1.1307E+01  3.6927E+00  1.6626E+00
  1.3000E+01  2.4000E+01  1.0500E+01  9.8940E+00  9.8940E+00  6.0604E-01  3.6882E-01  1.0500E+01  9.0979E+00  1.4021E+00  5.9698E-01
  1.3000E+01  3.6000E+01  9.1000E+00  8.0347E+00  8.0347E+00  1.0653E+00  7.9834E-01  9.1000E+00  7.6336E+00  1.4664E+00  8.5904E-01
  1.3000E+01  4.8000E+01  6.6000E+00  6.5245E+00  6.5245E+00  7.5484E-02  6.9660E-02  6.6000E+00  6.4049E+00  1.9509E-01 -5.0043E-02
  1.3000E+01  7.2000E+01  4.9000E+00  4.3024E+00  4.3024E+00  5.9764E-01  8.3638E-01  4.9000E+00  4.5090E+00  3.9095E-01  4.3203E-01
  1.3000E+01  9.6000E+01  2.4000E+00  2.8370E+00  2.8370E+00 -4.3704E-01 -9.2755E-01  2.4000E+00  3.1744E+00 -7.7436E-01 -1.2464E+00
  1.3000E+01  1.2000E+02  1.9000E+00  1.8708E+00  1.8708E+00  2.9210E-02  9.4013E-02  1.9000E+00  2.2347E+00 -3.3475E-01 -4.4423E-01
  1.4000E+01  0.0000E+00  0.0000E+00  0.0000E+00  0.0000E+00  0.0000E+00 -0.0000E+00  0.0000E+00  0.0000E+00  0.0000E+00  0.0000E+00
  1.4000E+01  5.0000E-01  0.0000E+00  0.0000E+00  0.0000E+00  0.0000E+00 -0.0000E+00  0.0000E+00  0.0000E+00  0.0000E+00  0.0000E+00
  1.4000E+01  1.5000E+00  3.6000E+00  5.9013E+00  5.9013E+00 -2.3013E+00 -2.3480E+00  3.6000E+00  6.3663E+00 -2.7663E+00 -1.9507E+00
  1.4000E+01  2.0000E+00  0.0000E+00  7.6562E+00  7.6562E+00 -7.6562E+00 -6.0211E+00  0.0000E+00  8.1713E+00  0.0000E+00  0.0000E+00
  1.4000E+01  3.0000E+00  1.2900E+01  9.7668E+00  9.7668E+00  3.1332E+00  1.9316E+00  1.2900E+01  1.0255E+01  2.6446E+00  1.7730E+00
  1.4000E+01  6.0000E+00  1.2900E+01  1.1309E+01  1.1309E+01  1.5910E+00  8.4708E-01  1.2900E+01  1.1661E+01  1.2394E+00  7.6123E-01
  1.4000E+01  9.0000E+00  1.0200E+01  1.0983E+01  1.0983E+01 -7.8317E-01 -4.2934E-01  1.0200E+01  1.1381E+01 -1.1810E+00 -4.9444E-01
  1.4000E+01  2.4000E+01  6.4000E+00  8.2853E+00  8.2853E+00 -1.8853E+00 -1.3701E+00  6.4000E+00  9.1647E+00 -2.7647E+00 -1.4639E+00
  1.4000E+01  3.6000E+01  6.9000E+00  6.5859E+00  6.5859E+00  3.1408E-01  2.8714E-01  6.9000E+00  7.6896E+00 -7.8958E-01 -7.3628E-02
  1.4000E+01  4.8000E+01  4.5000E+00  5.2351E+00  5.2351E+00 -7.3506E-01 -8.4543E-01  4.5000E+00  6.4519E+00 -1.9519E+00 -1.0452E+00
  1.4000E+01  7.2000E+01  3.2000E+00  3.3078E+00  3.3078E+00 -1.0775E-01 -1.9614E-01  3.2000E+00  4.5421E+00 -1.3421E+00 -5.3253E-01
  1.4000E+01  9.6000E+01  2.4000E+00  2.0900E+00  2.0900E+00  3.1001E-01  8.9312E-01  2.4000E+00  3.1977E+00 -7.9766E-01  2.1391E-01
  1.4000E+01  1.2000E+02  1.3000E+00  1.3206E+00  1.3206E+00 -2.0551E-02 -9.3702E-02  1.3000E+00  2.2511E+00 -9.5115E-01 -2.7069E-01
  1.5000E+01  0.0000E+00  0.0000E+00  0.0000E+00  0.0000E+00  0.0000E+00 -0.0000E+00  0.0000E+00  0.0000E+00  0.0000E+00  0.0000E+00
  1.5000E+01  5.0000E-01  0.0000E+00  0.0000E+00  0.0000E+00  0.0000E+00 -0.0000E+00  0.0000E+00  0.0000E+00  0.0000E+00  0.0000E+00
  1.5000E+01  1.0000E+00  2.7000E+00  4.2346E+00  4.2346E+00 -1.5346E+00 -2.1820E+00  2.7000E+00  3.7533E+00 -1.0533E+00 -2.2256E+00
  1.5000E+01  2.0000E+00  1.1600E+01  8.8345E+00  8.8345E+00  2.7655E+00  1.8849E+00  1.1600E+01  8.1564E+00  3.4436E+00  1.9601E+00
  1.5000E+01  3.0000E+00  1.1600E+01  1.0724E+01  1.0724E+01  8.7601E-01  4.9184E-01  1.1600E+01  1.0225E+01  1.3748E+00  5.2593E-01
  1.5000E+01  6.0000E+00  1.1300E+01  1.1420E+01  1.1420E+01 -1.1989E-01 -6.3213E-02  1.1300E+01  1.1579E+01 -2.7890E-01 -7.0020E-02
  1.5000E+01  9.0000E+00  9.7000E+00  1.0683E+01  1.0683E+01 -9.8262E-01 -5.5384E-01  9.7000E+00  1.1250E+01 -1.5497E+00 -6.1512E-01
  1.5000E+01  2.4000E+01  6.5000E+00  7.1780E+00  7.1780E+00 -6.7802E-01 -5.6874E-01  6.5000E+00  8.8476E+00 -2.3476E+00 -9.7887E-01
  1.5000E+01  3.6000E+01  5.2000E+00  5.2164E+00  5.2164E+00 -1.6411E-02 -1.8942E-02  5.2000E+00  7.2845E+00 -2.0845E+00 -7.5191E-01
  1.5000E+01  4.8000E+01  3.6000E+00  3.7909E+00  3.7909E+00 -1.9087E-01 -3.0316E-01  3.6000E+00  5.9975E+00 -2.3975E+00 -1.0416E+00
  1.5000E+01  7.2000E+01  2.4000E+00  2.0020E+00  2.0020E+00  3.9796E-01  1.1969E+00  2.4000E+00  4.0655E+00 -1.6655E+00 -2.6372E-01
  1.5000E+01  9.6000E+01  9.0000E-01  1.0573E+00  1.0573E+00 -1.5732E-01 -8.9590E-01  9.0000E-01  2.7558E+00 -1.8558E+00 -8.7400E-01
  1.5000E+01  1.2000E+02  0.0000E+00  5.5839E-01  5.5839E-01 -5.5839E-01 -6.0212E+00  0.0000E+00  1.8681E+00  0.0000E+00  0.0000E+00
  1.6000E+01  0.0000E+00  0.0000E+00  0.0000E+00  0.0000E+00  0.0000E+00 -0.0000E+00  0.0000E+00  0.0000E+00  0.0000E+00  0.0000E+00
  1.6000E+01  1.0000E+00  6.6000E+00  6.5395E+00  6.5395E+00  6.0522E-02  5.5725E-02  6.6000E+00  6.3559E+00  2.4407E-01 -5.8043E-02
  1.6000E+01  3.0000E+00  1.1900E+01  1.1003E+01  1.1003E+01  8.9725E-01  4.9101E-01  1.1900E+01  1.0787E+01  1.1129E+00  4.6073E-01
  1.6000E+01  6.0000E+00  1.1700E+01  1.1766E+01  1.1766E+01 -6.6020E-02 -3.3785E-02  1.1700E+01  1.1582E+01  1.1772E-01 -3.1908E-02
  1.6000E+01  9.0000E+00  1.2200E+01  1.1385E+01  1.1385E+01  8.1524E-01  4.3116E-01  1.2200E+01  1.1204E+01  9.9595E-01  4.4486E-01
  1.6000E+01  2.4000E+01  8.1000E+00  9.0809E+00  9.0809E+00 -9.8090E-01 -6.5039E-01  8.1000E+00  8.8708E+00 -7.7082E-01 -6.6252E-01
  1.6000E+01  3.6000E+01  7.4000E+00  7.5681E+00  7.5681E+00 -1.6805E-01 -1.3370E-01  7.4000E+00  7.3476E+00  5.2357E-02 -1.5172E-01
  1.6000E+01  4.8000E+01  6.8000E+00  6.3072E+00  6.3072E+00  4.9276E-01  4.7041E-01  6.8000E+00  6.0860E+00  7.1400E-01  4.4580E-01
  1.6000E+01  7.2000E+01  5.3000E+00  4.3808E+00  4.3808E+00  9.1924E-01  1.2634E+00  5.3000E+00  4.1754E+00  1.1246E+00  1.2021E+00
  1.6000E+01  9.6000E+01  3.0000E+00  3.0427E+00  3.0427E+00 -4.2702E-02 -8.4502E-02  3.0000E+00  2.8646E+00  1.3537E-01 -1.9439E-01
  1.6000E+01  1.2000E+02  2.0000E+00  2.1133E+00  2.1133E+00 -1.1334E-01 -3.2292E-01  2.0000E+00  1.9653E+00  3.4667E-02 -4.5372E-01
  1.7000E+01  0.0000E+00  0.0000E+00  0.0000E+00  0.0000E+00  0.0000E+00 -0.0000E+00  0.0000E+00  0.0000E+00  0.0000E+00  0.0000E+00
  1.7000E+01  2.4000E+01  1.0400E+01  9.4653E+00  9.4653E+00  9.3468E-01  5.9457E-01  1.0400E+01  8.8938E+00  1.5062E+00  7.2332E-01
  1.7000E+01  3.6000E+01  8.9000E+00  7.9157E+00  7.9157E+00  9.8427E-01  7.4869E-01  8.9000E+00  7.3745E+00  1.5255E+00  8.5837E-01
  1.7000E+01  4.8000E+01  7.0000E+00  6.6198E+00  6.6198E+00  3.8018E-01  3.4580E-01  7.0000E+00  6.1148E+00  8.8522E-01  3.9858E-01
  1.7000E+01  7.2000E+01  4.4000E+00  4.6297E+00  4.6297E+00 -2.2974E-01 -2.9878E-01  4.4000E+00  4.2041E+00  1.9589E-01 -3.4920E-01
  1.7000E+01  9.6000E+01  3.2000E+00  3.2379E+00  3.2379E+00 -3.7925E-02 -7.0524E-02  3.2000E+00  2.8905E+00  3.0954E-01 -1.6142E-01
  1.7000E+01  1.2000E+02  2.4000E+00  2.2645E+00  2.2645E+00  1.3547E-01  3.6021E-01  2.4000E+00  1.9873E+00  4.1272E-01  2.3840E-01
  1.8000E+01  0.0000E+00  0.0000E+00  0.0000E+00  0.0000E+00  0.0000E+00 -0.0000E+00  0.0000E+00  0.0000E+00  0.0000E+00  0.0000E+00
  1.8000E+01  2.4000E+01  7.6000E+00  8.4253E+00  8.4253E+00 -8.2533E-01 -5.8982E-01  7.6000E+00  9.1202E+00 -1.5202E+00 -7.5641E-01
  1.8000E+01  3.6000E+01  6.4000E+00  7.0221E+00  7.0221E+00 -6.2215E-01 -5.3346E-01  6.4000E+00  7.6641E+00 -1.2641E+00 -6.8603E-01
  1.8000E+01  4.8000E+01  6.0000E+00  5.8527E+00  5.8527E+00  1.4734E-01  1.5158E-01  6.0000E+00  6.4404E+00 -4.4041E-01 -5.2676E-02
  1.8000E+01  7.2000E+01  4.0000E+00  4.0656E+00  4.0656E+00 -6.5551E-02 -9.7082E-02  4.0000E+00  4.5480E+00 -5.4802E-01 -2.4597E-01
  1.8000E+01  9.6000E+01  3.1000E+00  2.8241E+00  2.8241E+00  2.7586E-01  5.8815E-01  3.1000E+00  3.2117E+00 -1.1167E-01  3.4593E-01
  1.8000E+01  1.2000E+02  2.0000E+00  1.9618E+00  1.9618E+00  3.8212E-02  1.1728E-01  2.0000E+00  2.2680E+00 -2.6798E-01 -3.5577E-02
  1.9000E+01  0.0000E+00  0.0000E+00  0.0000E+00  0.0000E+00  0.0000E+00 -0.0000E+00  0.0000E+00  0.0000E+00  0.0000E+00  0.0000E+00
  1.9000E+01  2.4000E+01  7.6000E+00  8.1600E+00  8.1600E+00 -5.6003E-01 -4.1323E-01  7.6000E+00  9.0838E+00 -1.4838E+00 -5.9991E-01
  1.9000E+01  3.6000E+01  6.6000E+00  6.2312E+00  6.2312E+00  3.6876E-01  3.5632E-01  6.6000E+00  7.6191E+00 -1.0191E+00 -1.8415E-01
  1.9000E+01  4.8000E+01  5.4000E+00  4.7584E+00  4.7584E+00  6.4164E-01  8.1191E-01  5.4000E+00  6.3905E+00 -9.9050E-01 -4.8797E-02
  1.9000E+01  7.2000E+01  3.4000E+00  2.7747E+00  2.7747E+00  6.2525E-01  1.3568E+00  3.4000E+00  4.4957E+00 -1.0957E+00  9.5908E-03
  1.9000E+01  9.6000E+01  1.2000E+00  1.6180E+00  1.6180E+00 -4.1804E-01 -1.5556E+00  1.2000E+00  3.1628E+00 -1.9628E+00 -1.5016E+00
  1.9000E+01  1.2000E+02  9.0000E-01  9.4353E-01  9.4353E-01 -4.3528E-02 -2.7777E-01  9.0000E-01  2.2250E+00 -1.3250E+00 -6.6499E-01
  2.0000E+01  0.0000E+00  0.0000E+00  0.0000E+00  0.0000E+00  0.0000E+00 -0.0000E+00  0.0000E+00  0.0000E+00  0.0000E+00  0.0000E+00
  2.0000E+01  2.4000E+01  6.6000E+00  7.2561E+00  7.2561E+00 -6.5609E-01 -5.4442E-01  6.6000E+00  8.9620E+00 -2.3620E+00 -9.4404E-01
  2.0000E+01  3.6000E+01  5.3000E+00  5.6298E+00  5.6298E+00 -3.2984E-01 -3.5277E-01  5.3000E+00  7.4633E+00 -2.1633E+00 -8.2560E-01
  2.0000E+01  4.8000E+01  3.6000E+00  4.3681E+00  4.3681E+00 -7.6808E-01 -1.0587E+00  3.6000E+00  6.2153E+00 -2.6153E+00 -1.3083E+00
  2.0000E+01  7.2000E+01  2.7000E+00  2.6295E+00  2.6295E+00  7.0468E-02  1.6136E-01  2.7000E+00  4.3105E+00 -1.6105E+00 -4.1101E-01
  2.0000E+01  9.6000E+01  1.4000E+00  1.5829E+00  1.5829E+00 -1.8295E-01 -6.9589E-01  1.4000E+00  2.9894E+00 -1.5894E+00 -6.8505E-01
  2.0000E+01  1.2000E+02  1.1000E+00  9.5292E-01  9.5292E-01  1.4708E-01  9.2938E-01  1.1000E+00  2.0732E+00 -9.7324E-01  2.6908E-01
  2.1000E+01  0.0000E+00  0.0000E+00  0.0000E+00  0.0000E+00  0.0000E+00 -0.0000E+00  0.0000E+00  0.0000E+00  0.0000E+00  0.0000E+00
  2.1000E+01  2.4000E+01  9.6000E+00  9.3288E+00  9.3288E+00  2.7118E-01  1.7503E-01  9.6000E+00  8.9072E+00  6.9281E-01  2.4220E-01
  2.1000E+01  3.6000E+01  8.0000E+00  7.8780E+00  7.8780E+00  1.2201E-01  9.3255E-02  8.0000E+00  7.3915E+00  6.0848E-01  1.5110E-01
  2.1000E+01  4.8000E+01  6.6000E+00  6.6528E+00  6.6528E+00 -5.2785E-02 -4.7773E-02  6.6000E+00  6.1338E+00  4.6623E-01 -1.2525E-02
  2.1000E+01  7.2000E+01  5.6000E+00  4.7444E+00  4.7444E+00  8.5561E-01  1.0859E+00  5.6000E+00  4.2239E+00  1.3761E+00  1.1705E+00
  2.1000E+01  9.6000E+01  3.5000E+00  3.3834E+00  3.3834E+00  1.1657E-01  2.0745E-01  3.5000E+00  2.9087E+00  5.9129E-01  1.7703E-01
  2.1000E+01  1.2000E+02  2.3000E+00  2.4129E+00  2.4129E+00 -1.1287E-01 -2.8165E-01  2.3000E+00  2.0030E+00  2.9697E-01 -3.9204E-01
  2.2000E+01  0.0000E+00  0.0000E+00  0.0000E+00  0.0000E+00  0.0000E+00 -0.0000E+00  0.0000E+00  0.0000E+00  0.0000E+00  0.0000E+00
  2.2000E+01  2.4000E+01  7.3000E+00  7.8282E+00  7.8282E+00 -5.2816E-01 -4.0624E-01  7.3000E+00  8.9457E+00 -1.6457E+00 -6.9460E-01
  2.2000E+01  3.6000E+01  6.1000E+00  6.4214E+00  6.4214E+00 -3.2136E-01 -3.0133E-01  6.1000E+00  7.4406E+00 -1.3406E+00 -5.3666E-01
  2.2000E+01  4.8000E+01  4.3000E+00  5.2674E+00  5.2674E+00 -9.6738E-01 -1.1058E+00  4.3000E+00  6.1887E+00 -1.8887E+00 -1.1385E+00
  2.2000E+01  7.2000E+01  3.2000E+00  3.5443E+00  3.5443E+00 -3.4429E-01 -5.8488E-01  3.2000E+00  4.2814E+00 -1.0814E+00 -5.4895E-01
  2.2000E+01  9.6000E+01  2.3000E+00  2.3849E+00  2.3849E+00 -8.4865E-02 -2.1426E-01  2.3000E+00  2.9619E+00 -6.6187E-01 -1.2924E-01
  2.2000E+01  1.2000E+02  1.9000E+00  1.6047E+00  1.6047E+00  2.9528E-01  1.1079E+00  1.9000E+00  2.0490E+00 -1.4903E-01  9.0577E-01
  2.3000E+01  0.0000E+00  0.0000E+00  0.0000E+00  0.0000E+00  0.0000E+00 -0.0000E+00  0.0000E+00  0.0000E+00  0.0000E+00  0.0000E+00
  2.3000E+01  2.4000E+01  8.9000E+00  9.3964E+00  9.3964E+00 -4.9643E-01 -3.1810E-01  8.9000E+00  8.8938E+00  6.1786E-03 -2.0543E-01
  2.3000E+01  3.6000E+01  8.4000E+00  7.7450E+00  7.7450E+00  6.5495E-01  5.0917E-01  8.4000E+00  7.3745E+00  1.0255E+00  5.6803E-01
  2.3000E+01  4.8000E+01  8.0000E+00  6.3839E+00  6.3839E+00  1.6161E+00  1.5243E+00  8.0000E+00  6.1148E+00  1.8852E+00  1.5178E+00
  2.3000E+01  7.2000E+01  4.4000E+00  4.3372E+00  4.3372E+00  6.2813E-02  8.7200E-02  4.4000E+00  4.2041E+00  1.9589E-01 -1.0512E-01
  2.3000E+01  9.6000E+01  3.2000E+00  2.9467E+00  2.9467E+00  2.5333E-01  5.1766E-01  3.2000E+00  2.8905E+00  3.0954E-01  1.9394E-01
  2.3000E+01  1.2000E+02  1.7000E+00  2.0020E+00  2.0020E+00 -3.0195E-01 -9.0816E-01  1.7000E+00  1.9873E+00 -2.8728E-01 -1.1893E+00
  2.4000E+01  0.0000E+00  0.0000E+00  0.0000E+00  0.0000E+00  0.0000E+00 -0.0000E+00  0.0000E+00  0.0000E+00  0.0000E+00  0.0000E+00
  2.4000E+01  2.4000E+01  9.8000E+00  9.2831E+00  9.2831E+00  5.1687E-01  3.3525E-01  9.8000E+00  9.0778E+00  7.2223E-01  3.4271E-01
  2.4000E+01  3.6000E+01  8.4000E+00  7.7957E+00  7.7957E+00  6.0426E-01  4.6671E-01  8.4000E+00  7.6076E+00  7.9235E-01  4.5196E-01
  2.4000E+01  4.8000E+01  6.6000E+00  6.5467E+00  6.5467E+00  5.3341E-02  4.9059E-02  6.6000E+00  6.3756E+00  2.2439E-01  4.1538E-03
  2.4000E+01  7.2000E+01  4.8000E+00  4.6168E+00  4.6168E+00  1.8316E-01  2.3887E-01  4.8000E+00  4.4778E+00  3.2220E-01  1.4622E-01
  2.4000E+01  9.6000E+01  3.2000E+00  3.2559E+00  3.2559E+00 -5.5894E-02 -1.0337E-01  3.2000E+00  3.1449E+00  5.5100E-02 -2.3348E-01
  2.4000E+01  1.2000E+02  2.4000E+00  2.2961E+00  2.2961E+00  1.0387E-01  2.7239E-01  2.4000E+00  2.2088E+00  1.9124E-01  9.0457E-02
  2.5000E+01  0.0000E+00  0.0000E+00  0.0000E+00  0.0000E+00  0.0000E+00 -0.0000E+00  0.0000E+00  0.0000E+00  0.0000E+00  0.0000E+00
  2.5000E+01  2.4000E+01  8.2000E+00  9.1182E+00  9.1182E+00 -9.1824E-01 -6.0634E-01  8.2000E+00  9.1037E+00 -9.0371E-01 -6.7793E-01
  2.5000E+01  3.6000E+01  7.5000E+00  8.0194E+00  8.0194E+00 -5.1939E-01 -3.8997E-01  7.5000E+00  7.6446E+00 -1.4460E-01 -3.8257E-01
  2.5000E+01  4.8000E+01  6.8000E+00  7.0530E+00  7.0530E+00 -2.5296E-01 -2.1596E-01  6.8000E+00  6.4193E+00  3.8066E-01 -1.2899E-01
  2.5000E+01  7.2000E+01  5.5000E+00  5.4555E+00  5.4555E+00  4.4524E-02  4.9141E-02  5.5000E+00  4.5265E+00  9.7350E-01  2.8826E-01
  2.5000E+01  9.6000E+01  4.5000E+00  4.2198E+00  4.2198E+00  2.8018E-01  3.9978E-01  4.5000E+00  3.1918E+00  1.3082E+00  8.2154E-01
  2.5000E+01  1.2000E+02  3.7000E+00  3.2640E+00  3.2640E+00  4.3597E-01  8.0422E-01  3.7000E+00  2.2506E+00  1.4494E+00  1.4692E+00
  2.6000E+01  0.0000E+00  0.0000E+00  0.0000E+00  0.0000E+00  0.0000E+00 -0.0000E+00  0.0000E+00  0.0000E+00  0.0000E+00  0.0000E+00
  2.6000E+01  2.4000E+01  1.1000E+01  1.0206E+01  1.0206E+01  7.9428E-01  4.6860E-01  1.1000E+01  9.0838E+00  1.9162E+00  7.6908E-01
  2.6000E+01  3.6000E+01  1.0000E+01  8.6634E+00  8.6634E+00  1.3366E+00  9.2891E-01  1.0000E+01  7.6191E+00  2.3809E+00  1.2219E+00
  2.6000E+01  4.8000E+01  8.2000E+00  7.3542E+00  7.3542E+00  8.4576E-01  6.9245E-01  8.2000E+00  6.3905E+00  1.8095E+00  8.8871E-01
  2.6000E+01  7.2000E+01  6.0000E+00  5.2995E+00  5.2995E+00  7.0054E-01  7.9594E-01  6.0000E+00  4.4957E+00  1.5043E+00  8.7396E-01
  2.6000E+01  9.6000E+01  3.7000E+00  3.8188E+00  3.8188E+00 -1.1879E-01 -1.8729E-01  3.7000E+00  3.1628E+00  5.3722E-01 -3.5964E-01
  2.6000E+01  1.2000E+02  2.6000E+00  2.7518E+00  2.7518E+00 -1.5182E-01 -3.3218E-01  2.6000E+00  2.2250E+00  3.7497E-01 -6.0410E-01
  2.7000E+01  0.0000E+00  0.0000E+00  0.0000E+00  0.0000E+00  0.0000E+00 -0.0000E+00  0.0000E+00  0.0000E+00  0.0000E+00  0.0000E+00
  2.7000E+01  2.4000E+01  1.0000E+01  9.6133E+00  9.6133E+00  3.8673E-01  2.4222E-01  1.0000E+01  9.1391E+00  8.6095E-01  3.1882E-01
  2.7000E+01  3.6000E+01  9.0000E+00  8.1793E+00  8.1793E+00  8.2067E-01  6.0412E-01  9.0000E+00  7.6883E+00  1.3117E+00  6.8332E-01
  2.7000E+01  4.8000E+01  7.3000E+00  6.9593E+00  6.9593E+00  3.4072E-01  2.9478E-01  7.3000E+00  6.4679E+00  8.3211E-01  3.3658E-01
  2.7000E+01  7.2000E+01  5.2000E+00  5.0380E+00  5.0380E+00  1.6200E-01  1.9361E-01  5.2000E+00  4.5775E+00  6.2254E-01  1.7945E-01
  2.7000E+01  9.6000E+01  3.7000E+00  3.6471E+00  3.6471E+00  5.2866E-02  8.7277E-02  3.7000E+00  3.2396E+00  4.6044E-01  1.4954E-02
  2.7000E+01  1.2000E+02  2.7000E+00  2.6403E+00  2.6403E+00  5.9748E-02  1.3626E-01  2.7000E+00  2.2927E+00  4.0730E-01  2.0633E-02
  2.8000E+01  0.0000E+00  0.0000E+00  0.0000E+00  0.0000E+00  0.0000E+00 -0.0000E+00  0.0000E+00  0.0000E+00  0.0000E+00  0.0000E+00
  2.8000E+01  2.4000E+01  1.1800E+01  9.9605E+00  9.9605E+00  1.8395E+00  1.1120E+00  1.1800E+01  9.1391E+00  2.6609E+00  1.3738E+00
  2.8000E+01  3.6000E+01  9.2000E+00  8.4022E+00  8.4022E+00  7.9776E-01  5.7168E-01  9.2000E+00  7.6883E+00  1.5117E+00  7.3035E-01
  2.8000E+01  4.8000E+01  7.7000E+00  7.0878E+00  7.0878E+00  6.1221E-01  5.2008E-01  7.7000E+00  6.4679E+00  1.2321E+00  6.1676E-01
  2.8000E+01  7.2000E+01  4.9000E+00  5.0436E+00  5.0436E+00 -1.4362E-01 -1.7145E-01  4.9000E+00  4.5775E+00  3.2254E-01 -2.2879E-01
  2.8000E+01  9.6000E+01  3.4000E+00  3.5890E+00  3.5890E+00 -1.8900E-01 -3.1708E-01  3.4000E+00  3.2396E+00  1.6044E-01 -4.5991E-01
  2.8000E+01  1.2000E+02  2.7000E+00  2.5539E+00  2.5539E+00  1.4609E-01  3.4443E-01  2.7000E+00  2.2927E+00  4.0730E-01  1.5952E-01
  2.9000E+01  0.0000E+00  0.0000E+00  0.0000E+00  0.0000E+00  0.0000E+00 -0.0000E+00  0.0000E+00  0.0000E+00  0.0000E+00  0.0000E+00
  2.9000E+01  2.4000E+01  1.0100E+01  9.2367E+00  9.2367E+00  8.6328E-01  5.6274E-01  1.0100E+01  9.1391E+00  9.6095E-01  5.6006E-01
  2.9000E+01  3.6000E+01  8.0000E+00  7.7024E+00  7.7024E+00  2.9757E-01  2.3261E-01  8.0000E+00  7.6883E+00  3.1167E-01  1.7704E-01
  2.9000E+01  4.8000E+01  6.0000E+00  6.4230E+00  6.4230E+00 -4.2300E-01 -3.9653E-01  6.0000E+00  6.4679E+00 -4.6789E-01 -4.8578E-01
  2.9000E+01  7.2000E+01  4.9000E+00  4.4664E+00  4.4664E+00  4.3359E-01  5.8452E-01  4.9000E+00  4.5775E+00  3.2254E-01  3.7931E-01
  2.9000E+01  9.6000E+01  3.4000E+00  3.1058E+00  3.1058E+00  2.9417E-01  5.7028E-01  3.4000E+00  3.2396E+00  1.6044E-01  2.8869E-01
  2.9000E+01  1.2000E+02  2.0000E+00  2.1597E+00  2.1597E+00 -1.5972E-01 -4.4530E-01  2.0000E+00  2.2927E+00 -2.9270E-01 -6.4608E-01
  3.0000E+01  0.0000E+00  0.0000E+00  0.0000E+00  0.0000E+00  0.0000E+00 -0.0000E+00  0.0000E+00  0.0000E+00  0.0000E+00  0.0000E+00
  3.0000E+01  2.4000E+01  8.3000E+00  8.5735E+00  8.5735E+00 -2.7352E-01 -1.9209E-01  8.3000E+00  9.3157E+00 -1.0157E+00 -4.1057E-01
  3.0000E+01  3.6000E+01  7.0000E+00  7.1773E+00  7.1773E+00 -1.7731E-01 -1.4875E-01  7.0000E+00  7.9172E+00 -9.1720E-01 -3.7040E-01
  3.0000E+01  4.8000E+01  5.6000E+00  6.0085E+00  6.0085E+00 -4.0847E-01 -4.0933E-01  5.6000E+00  6.7286E+00 -1.1286E+00 -5.9403E-01
  3.0000E+01  7.2000E+01  4.1000E+00  4.2108E+00  4.2108E+00 -1.1084E-01 -1.5849E-01  4.1000E+00  4.8600E+00 -7.5999E-01 -3.4986E-01
  3.0000E+01  9.6000E+01  3.1000E+00  2.9510E+00  2.9510E+00  1.4897E-01  3.0396E-01  3.1000E+00  3.5103E+00 -4.1030E-01  5.0772E-02
  3.0000E+01  1.2000E+02  2.2000E+00  2.0681E+00  2.0681E+00  1.3187E-01  3.8393E-01  2.2000E+00  2.5354E+00 -3.3544E-01  1.2408E-01
  3.1000E+01  0.0000E+00  0.0000E+00  0.0000E+00  0.0000E+00  0.0000E+00 -0.0000E+00  0.0000E+00  0.0000E+00  0.0000E+00  0.0000E+00
  3.1000E+01  2.4000E+01  9.9000E+00  9.0119E+00  9.0119E+00  8.8810E-01  5.9337E-01  9.9000E+00  9.0388E+00  8.6120E-01  5.2992E-01
  3.1000E+01  3.6000E+01  7.5000E+00  7.5078E+00  7.5078E+00 -7.8068E-03 -6.2609E-03  7.5000E+00  7.5595E+00 -5.9509E-02 -7.7967E-02
  3.1000E+01  4.8000E+01  6.5000E+00  6.2548E+00  6.2548E+00  2.4525E-01  2.3609E-01  6.5000E+00  6.3223E+00  1.7769E-01  1.4653E-01
  3.1000E+01  7.2000E+01  4.1000E+00  4.3411E+00  4.3411E+00 -2.4114E-01 -3.3446E-01  4.1000E+00  4.4222E+00 -3.2223E-01 -4.1659E-01
  3.1000E+01  9.6000E+01  2.9000E+00  3.0130E+00  3.0130E+00 -1.1299E-01 -2.2580E-01  2.9000E+00  3.0932E+00 -1.9319E-01 -3.1654E-01
  3.1000E+01  1.2000E+02  2.3000E+00  2.0912E+00  2.0912E+00  2.0882E-01  6.0125E-01  2.3000E+00  2.1636E+00  1.3643E-01  4.1103E-01
  3.2000E+01  0.0000E+00  0.0000E+00  0.0000E+00  0.0000E+00  0.0000E+00 -0.0000E+00  0.0000E+00  0.0000E+00  0.0000E+00  0.0000E+00
  3.2000E+01  2.4000E+01  9.5000E+00  9.0809E+00  9.0809E+00  4.1914E-01  2.7791E-01  9.5000E+00  9.1726E+00  3.2737E-01  1.9504E-01
  3.2000E+01  3.6000E+01  7.8000E+00  7.6686E+00  7.6686E+00  1.3135E-01  1.0313E-01  7.8000E+00  7.7300E+00  7.0001E-02  2.5646E-02
  3.2000E+01  4.8000E+01  6.4000E+00  6.4761E+00  6.4761E+00 -7.6058E-02 -7.0715E-02  6.4000E+00  6.5143E+00 -1.1426E-01 -1.4356E-01
  3.2000E+01  7.2000E+01  4.5000E+00  4.6184E+00  4.6184E+00 -1.1843E-01 -1.5440E-01  4.5000E+00  4.6263E+00 -1.2633E-01 -2.2493E-01
  3.2000E+01  9.6000E+01  3.4000E+00  3.2937E+00  3.2937E+00  1.0634E-01  1.9440E-01  3.4000E+00  3.2855E+00  1.1445E-01  1.0148E-01
  3.2000E+01  1.2000E+02  2.5000E+00  2.3489E+00  2.3489E+00  1.5111E-01  3.8736E-01  2.5000E+00  2.3333E+00  1.6665E-01  2.6301E-01
  3.3000E+01  0.0000E+00  0.0000E+00  0.0000E+00  0.0000E+00  0.0000E+00 -0.0000E+00  0.0000E+00  0.0000E+00  0.0000E+00  0.0000E+00
  3.3000E+01  2.4000E+01  8.9000E+00  9.0315E+00  9.0315E+00 -1.3149E-01 -8.7664E-02  8.9000E+00  8.9457E+00 -4.5749E-02 -1.2724E-01
  3.3000E+01  3.6000E+01  7.7000E+00  7.6395E+00  7.6395E+00  6.0515E-02  4.7695E-02  7.7000E+00  7.4406E+00  2.5939E-01  3.4718E-02
  3.3000E+01  4.8000E+01  6.9000E+00  6.4620E+00  6.4620E+00  4.3798E-01  4.0809E-01  6.9000E+00  6.1887E+00  7.1129E-01  4.2331E-01
  3.3000E+01  7.2000E+01  4.4000E+00  4.6236E+00  4.6236E+00 -2.2357E-01 -2.9115E-01  4.4000E+00  4.2814E+00  1.1863E-01 -2.8053E-01
  3.3000E+01  9.6000E+01  3.5000E+00  3.3082E+00  3.3082E+00  1.9184E-01  3.4917E-01  3.5000E+00  2.9619E+00  5.3813E-01  3.8671E-01
  3.3000E+01  1.2000E+02  2.5000E+00  2.3670E+00  2.3670E+00  1.3302E-01  3.3836E-01  2.5000E+00  2.0490E+00  4.5097E-01  3.6378E-01
